BS2026_GAUSS_FIXTURE_V1 canonical-g2-n64 64 2 4 accepted f47a6f789fa463abdfdb8d0b158a78bd228bbe85881199d601d086f49396ba6a
30000 225 0.10000000000000001 1 10000000000 100
-4.6051701859880909 -1.3862943611198906 0.037
0.29955882827377411 0.40455439185938541 8.289799046039942
0 0.015625 0.03125 0.046875 0.0625 0.078125 0.09375 0.109375 0.125 0.140625 0.15625 0.171875 0.1875 0.203125 0.21875 0.234375 0.25 0.265625 0.28125 0.296875 0.3125 0.328125 0.34375 0.359375 0.375 0.390625 0.40625 0.421875 0.4375 0.453125 0.46875 0.484375 0.5 0.515625 0.53125 0.546875 0.5625 0.578125 0.59375 0.609375 0.625 0.640625 0.65625 0.671875 0.6875 0.703125 0.71875 0.734375 0.75 0.765625 0.78125 0.796875 0.8125 0.828125 0.84375 0.859375 0.875 0.890625 0.90625 0.921875 0.9375 0.953125 0.96875 0.984375 1
11.33888704688162 -13.699594551163335 1.4780073543616861
11.78376164249083 -13.342560253609099 1.4769880600721834
11.97055062601469 -13.09531490997761 1.4751319928635471
12.03599302368681 -12.776862366795793 1.4710804172367928
12.002921255235604 -12.577638736803296 1.4673790236146504
11.994515208802081 -12.360059870829248 1.4622276347638166
11.986287701925933 -12.22256778452266 1.4581908011465297
11.972215781554196 -12.064511285068464 1.4523133554532333
11.960377277625323 -11.967773647059117 1.4477884314996099
11.943320474991214 -11.849463269210434 1.4415233183248612
11.929887636796382 -11.773432951531765 1.4368751668973314
11.910245242992353 -11.684024638566724 1.4304412942107945
11.894946138081766 -11.628263664909731 1.4256929998510648
11.872950719866987 -11.560798514065253 1.4192849813542343
11.85605118796318 -11.51778319305865 1.4146535230887094
11.831876226392627 -11.467728301409201 1.408408162290991
11.813403821523004 -11.43706486258578 1.4039097102293754
11.787266669301692 -11.401058762755566 1.3979371025013794
11.767479452803476 -11.378950340143799 1.3936912465052627
11.739556924211302 -11.354555106123463 1.3880639599302464
11.718482615451494 -11.34072943302235 1.3840783373026957
11.688970243967342 -11.325981696805338 1.3788484087794308
11.666843241246726 -11.318163347114073 1.3751756635527572
11.63590351707894 -11.311550954743208 1.370371465513494
11.612748662765348 -11.309551563371896 1.367013549298149
11.580549606442419 -11.309795701070094 1.3626502381092933
11.556568551564311 -11.312111383576253 1.3596179234300023
11.52325014754115 -11.318193808139085 1.3556967968504989
11.498463829800926 -11.324690634770167 1.3529887847981505
11.464164893278694 -11.335725175282583 1.3495039015960717
11.438739568612135 -11.345352710997757 1.3471076020209125
11.403575226346396 -11.36062108721088 1.3440456730335009
11.377527799630592 -11.373282123196665 1.34195820738561
11.341608984426893 -11.392148728201612 1.3393027894878637
11.315071837220508 -11.407086832178447 1.3375004415761242
11.278489817968429 -11.429031886206955 1.335231753406082
11.251476141179834 -11.446175634524469 1.3337110785641251
11.214317007483453 -11.470734790877128 1.3318086447762039
11.186929047089247 -11.489530686293532 1.330542147490513
11.149262881472977 -11.516322871192241 1.3289844463462788
11.121510621631202 -11.536718132057771 1.3279686710590843
11.083402401950739 -11.5654011571757 1.32673479989008
11.0553625440999 -11.58698789410194 1.3259424808809606
11.016864447494859 -11.617280931036126 1.3250116962612482
10.98854431936301 -11.640020106242627 1.3244396370231721
10.9497039799924 -11.671670416832793 1.3237924086760626
10.921159354422743 -11.695261135072188 1.3234155093831279
10.882014326454023 -11.728061865299093 1.3230330297126034
10.853250393433729 -11.752475353354654 1.3228484590607337
10.813834417819528 -11.786240339917972 1.3227133165748832
10.784890231261983 -11.81125549683259 1.3226988840105876
10.745229218617215 -11.845833189919318 1.3227945959974994
10.716108285283521 -11.871428974481647 1.3229478543117814
10.676225065710851 -11.906683271179311 1.3232593029065223
10.646953347348754 -11.932698648544051 1.3235610779589038
10.606864745131331 -11.96851968458493 1.3240740941397251
10.577444446631644 -11.994939470219517 1.3245222993754651
10.537164865259378 -12.031229026472012 1.3252239497497182
10.507611869749994 -12.057937659414545 1.3258022268166352
10.467151165874769 -12.094617445361756 1.3266804587700511
10.437466687565127 -12.121604191308659 1.3273870409236452
10.396832856893093 -12.158604759361991 1.3284308744239202
10.36702514457418 -12.185788586199228 1.3292518937454234
10.326222790733546 -12.223055614209382 1.3304511267454904
10.296292317167849 -12.250429172326351 1.3313850911144296
10.25532464102568 -12.287915088358604 1.3327304301310856
10.2252739704644 -12.315423576891773 1.3337656080402212
10.184141687831636 -12.353092249171564 1.3352484276661967
10.153970748622026 -12.380730889054297 1.33638355842845
10.112673538744543 -12.418551355303187 1.3379959919451359
10.082380747539645 -12.446285231587247 1.3392211442976487
10.040916512742275 -12.484235124437232 1.3409558892550406
10.010501407757179 -12.51206140197497 1.3422699954332491
9.9688673017695439 -12.550122317036767 1.3441203778921575
9.938325352755081 -12.578021079243385 1.3455150080738871
9.8965173022730255 -12.616180999998356 1.3474748261292326
9.8658477772093374 -12.6441508703808 1.3489490724300561
9.8238611841933903 -12.682400813347565 1.351012642916664
9.7930575370640582 -12.710433086788452 1.352559320994382
9.7508870010642479 -12.748768739113855 1.354721353599053
9.7199483221595724 -12.776863120164748 1.3563396877431286
9.677588090516867 -12.815282478799123 1.3585953199998757
9.6465065352097685 -12.84343852669833 1.3602791569040413
9.6039503785752167 -12.881942921464931 1.3626238526211336
9.5727249303988398 -12.910161127022134 1.3643725258476851
9.5299663992402781 -12.94875363063135 1.3668021022812324
9.498588463248506 -12.977039517669656 1.3686103123820712
9.455620879040902 -13.015725494586242 1.3711208578147744
9.4240893859272568 -13.044080109749455 1.3729880288689531
9.380905950322509 -13.082866220115081 1.3755759245791788
9.349211970265598 -13.111299256011522 1.3774974659120462
9.3058058420607921 -13.150193644328397 1.3801593187520584
9.2739482934580568 -13.178706523508827 1.3821347296897317
9.2303125873500562 -13.217718275625669 1.3848673906165776
9.1982825165750945 -13.246323459695761 1.3868926711410583
9.1544104419558767 -13.285462523818264 1.389693179506674
9.1222067851460444 -13.314161671270195 1.3917678918081506
9.0780915638956845 -13.353438655635498 1.3946334916396146
9.0457055727148763 -13.38224591102882 1.39675413055383
9.0013406206057933 -13.42167181202468 1.3996822239805102
8.9687712707075811 -13.450588961681794 1.4018484045442601
8.9241500577271218 -13.490175212525251 1.4048365666159945
8.8913889708086131 -13.519217248151637 1.4070452009890084
8.8465052298165308 -13.558975314194692 1.410091140239691
8.8135514360859162 -13.588144067402185 1.4123418882123191
8.7683989847344037 -13.628085674378729 1.4154434605270825
8.735244592058871 -13.657396348550684 1.417733588904776
8.6898175581267445 -13.697532992616017 1.4208887636737262
8.6564616425333583 -13.72698740573645 1.4232179704767192
8.6107542902112897 -13.767330704775851 1.4264248438317988
8.5771896626006914 -13.79694378244985 1.428790699771266
8.5311967469534817 -13.837504916184292 1.4320474650461994
8.49742095259462 -13.867278678841688 1.4344497020649627
8.4511398112456817 -13.908068835534129 1.4377546628422704
8.4171580455022195 -13.938016329641057 1.4401911101003271
8.3705992763091146 -13.979044248408107 1.4435426470219925
8.3362597219119774 -14.009192079001302 1.446013145477574
8.28965461553544 -14.050466507410709 1.4494097511439659
8.2560423012157536 -14.080709982619183 1.4519120018223659
8.2108168571109292 -14.122062265076778 1.4553516721426374
8.1661171341707171 -14.15444862199513 1.4578916044866799
8.1435715550324943 -14.195572165217374 1.461372916874061
8.1780207095719426 -14.220131002417581 1.4639202453529754
8.2946831291897247 -14.246103450201117 1.4673983637935557
8.5571401750456175 -14.259416476458897 1.4700108254605284
9.2138984753205655 -14.21541973179311 1.473237479159003
9.7979597952538882 -14.127175501130109 1.47519683837499
10.736886695772503 -13.930084524149752 1.4773232536048699
61.456736099862809 40.812314918067834 -0.015957045034072134
37.173075431889025 38.343082638233092 -0.21002305061818757
19.396202029170226 36.535479153704927 -0.35208922672770554
-4.8874586388035617 34.066246873870178 -0.54615523231182095
-0.7505128028502992 26.023605361932443 -0.54780408306920969
-1.1131287348961134 22.214173904661987 -0.59427172098682524
-1.3785820207875923 19.425476529988867 -0.62828839285023363
-1.7411979528334065 15.616045072718411 -0.67475603076784918
-1.8080290042872673 14.03971954805848 -0.68909533298812853
-1.9735068391622141 12.189987395505309 -0.69989594174258152
-2.0946450218171679 10.83588947944264 -0.70780253610351429
-2.2601228566921141 8.986157326889467 -0.71860314485796739
-2.3684742530456457 8.035724710428708 -0.71554191756207519
-2.5079650278150747 6.9214681219467948 -0.70513182481891035
-2.610079362133443 6.1057756865096682 -0.69751110801940941
-2.7495701369028711 4.9915190980277542 -0.68710101527624434
-2.8402039953306599 4.3628689403692675 -0.67312131936367392
-2.9544680830659691 3.6197735285369812 -0.65102076557296884
-3.0381152007687215 3.0757899322044278 -0.63484203732276356
-3.1523792885040298 2.3326945203721414 -0.61274148353205837
-3.225808033317187 1.8951360222440294 -0.59336749851195458
-3.3171586050697401 1.3744740160905868 -0.56612074753585373
-3.3840318648930756 0.99332297401552816 -0.54617474148017098
-3.4753824366456296 0.47266096786208561 -0.51892799050407001
-3.5334865700461449 0.15976221023978565 -0.49782841427252228
-3.6051248228608905 -0.21388814909683065 -0.46952859927397861
-3.6575676636867476 -0.48741919639760134 -0.44881169685024486
-3.7292059165014928 -0.86106955573421762 -0.42051188185170119
-3.7743870611412471 -1.0877098851411158 -0.39983819979376301
-3.8297730287257425 -1.3586753699862684 -0.37276913005505985
-3.8703183710239557 -1.557035871990454 -0.35295319569270389
-3.9257043386084498 -1.8280013568356068 -0.32588412595400068
-3.9604230948030383 -1.9928764110797863 -0.30673174899688377
-4.0028681538991773 -2.1898971485877401 -0.28198104642381905
-4.0339400936878151 -2.3341263385882556 -0.26386227461730971
-4.0763851527839545 -2.5311470760962091 -0.23911157204424496
-4.1029114603156014 -2.6509563085319474 -0.22191861123577
-4.1353615031886291 -2.7938701354790063 -0.1998557220397971
-4.1591165832794745 -2.8984903179083616 -0.18370456618658229
-4.1915666261525022 -3.0414041448554219 -0.16164167699060938
-4.2118677894570693 -3.1280288582974123 -0.14647493307879367
-4.2368199126301391 -3.2310696145378826 -0.12707739392410047
-4.2550861345495443 -3.3065006833562283 -0.1128774097210582
-4.280038257722615 -3.4095414395966981 -0.093479870566364989
-4.2957501999398735 -3.4716631167446521 -0.080218030053454223
-4.3152502702188604 -3.5452899734958541 -0.063274114752006616
-4.3295253124142432 -3.599188573439331 -0.050870307872203091
-4.3490253826932301 -3.672815430190532 -0.033926392570755498
-4.3614690482181793 -3.7168844149016484 -0.022368056840687753
-4.3771514181744156 -3.7688976324000167 -0.0075933705838875732
-4.3886317097654723 -3.8069739502739535 0.0032224504219799349
-4.4043140797217086 -3.8589871677723222 0.017997136678780119
-4.4145325662026886 -3.8898472572067351 0.028074303807817249
-4.4276770554667726 -3.9261185751725072 0.040974629316969546
-4.437299489447625 -3.9526710227809385 0.050418323023845996
-4.450443978711708 -3.9889423407467115 0.06331864853299829
-4.4592460923451309 -4.010255383429973 0.072128211697597339
-4.4708379325344172 -4.0352300838917552 0.083429432764008965
-4.4793237485061939 -4.0535128335335937 0.091702500772190124
-4.4909155886954801 -4.078487533995375 0.10300372183860175
-4.4989182493318944 -4.0930325631277995 0.11073746606227186
-4.5097037321224089 -4.1100860003643689 0.12068303404895589
-4.5175992535092266 -4.1225699828652251 0.12796369512533923
-4.5283847362997403 -4.1396234201017945 0.13790926311202323
-4.5360507712617375 -4.1495125127905874 0.14473313443796826
-4.5465855866599094 -4.1612089126330432 0.1535318934344149
-4.5542976067797305 -4.1697712715833601 0.15997303206336769
-4.5648324221779024 -4.181467671425815 0.16877179105981427
-4.5725026085563831 -4.1883043717424613 0.17482630747992578
-4.5831922034291823 -4.1965876742125685 0.18265423968511227
-4.5910175299883988 -4.2026514724751491 0.18838468377751355
-4.6017071248611972 -4.2109347749452564 0.19621261598270004
-4.6096265376693806 -4.2159318926724021 0.20161527257888007
-4.62075898531217 -4.222268257035581 0.20861915075086063
-4.6289085025992929 -4.2269067976846966 0.21374634542277315
-4.6400409502420832 -4.2332431620478745 0.22075022359475374
-4.6483802142981476 -4.2373113552468951 0.2255985836014405
-4.6601525652652533 -4.2427967541995724 0.23190015915749027
-4.6687705242977069 -4.2468123449327164 0.23651323263225285
-4.6805428752648117 -4.2522977438853928 0.24281480818830264
-4.6894150994964257 -4.2561128373014911 0.2471896282691001
-4.7019542989744672 -4.2615551497639235 0.25288968973119763
-4.7111336300786357 -4.2655391989970894 0.25706242432771842
-4.7236728295566772 -4.2709815114595218 0.26276248578981592
-4.7331470015437667 -4.2750361848809586 0.26673058074868078
-4.7465263966826319 -4.2810184765526103 0.27191259669465251
-4.7563207936988237 -4.2853978180019565 0.27570609565273596
-4.7697001888376898 -4.2913801096736082 0.28088811159870769
-4.7798117256173942 -4.296023987559308 0.28450485055405528
-4.7940640520211568 -4.3029537764392733 0.28923810686039297
-4.804497479074767 -4.3080267339851339 0.29270309096187808
-4.8187498054785278 -4.3149565228650983 0.29743634726821583
-4.829508847845883 -4.3204275683728417 0.30074776612929854
-4.844636432563834 -4.3285755367350642 0.30509000221056565
-4.8557105931731783 -4.3345402635546755 0.30826873964051199
-4.8708381778911312 -4.342688231916898 0.31261097572177915
-4.8822361064580617 -4.3491375471051246 0.31565553309751165
-4.8982188814162617 -4.3586682114607171 0.31965512319133699
-4.9099190847316043 -4.3656451419988969 0.32258302634946628
-4.9259018596898025 -4.3751758063544894 0.32658261644329156
-4.9379164141886509 -4.3826873691030883 0.32939263616130632
-4.9547182069324798 -4.3936835418773308 0.33309037561398452
-4.967017972879205 -4.4017332990368816 0.33579730876649688
-4.9838197656230339 -4.4127294718111241 0.33949504821917509
-4.9964191063549999 -4.4213359407954504 0.34209789474726038
-5.0139923915142433 -4.4338183144778869 0.34552845181521136
-5.0268569291067076 -4.4429560462124904 0.34803979388721601
-5.0444302142659518 -4.4554384198949259 0.35147035095516688
-5.057579189677111 -4.4651344853547261 0.35388938396864983
-5.0758552424861412 -4.4790759058373677 0.35708246683927819
-5.0892342417041645 -4.489281733960345 0.35941996573335605
-5.1075102945131956 -4.5032231544429875 0.36261304860398447
-5.1214383568993211 -4.5140315393729091 0.36486860231299489
-5.1392065389261212 -4.5292483121478453 0.36784947555188002
-5.1522137509278725 -4.5403877629463301 0.37003162621366653
-5.1699819329546735 -4.5556045357212662 0.37301249945255166
-5.2103835694190481 -4.5728307221992583 0.37513992067372448
-5.1220851840293609 -4.5778133812832662 0.37789605852202313
-5.0574462796978112 -4.5814609408895546 0.37991369145964132
-4.9691478943081249 -4.5864435999735624 0.38266982930793991
-6.9538616276140752 -5.0434312939222989 0.38601004194325783
1.9554502927703121 -4.0737611858449796 0.38580562934799961
8.4775192789708136 -3.3639134001515676 0.3856559889425637
17.3868311993552 -2.3942432920742478 0.38545157634730548
63.773084431805295 -0.021921217824469853 0.39288623222307478
81.831874847399973 9.7761096503080243 0.32247097023301252
95.051826954853354 16.9487660599093 0.27092342082801274
113.11061737044804 26.746796928041793 0.20050815883795053
11.21100316000682 -13.497370976299369 1.4775025158918107 11.72473792520856 -13.062280088686581 1.4754490377455354 11.829972036193682 -12.674964162529808 1.4708811965606834 11.827469466722102 -12.376073664532369 1.464522682667776 11.806666979043159 -12.145661483304828 1.4577148549172563 11.780933495807503 -11.965842168849319 1.4500171444459469 11.751526429994977 -11.82396515192084 1.4424445487456186 11.719060720257179 -11.712416340856461 1.4343929136854612 11.683346267254866 -11.625180172505427 1.4268059081081561 11.64510471748401 -11.558318571400356 1.4190401860643334 11.603966747184241 -11.508486884715371 1.4119246964535244 11.560798021169781 -11.47316957200027 1.4048526931885508 11.515089709058408 -11.450396371038373 1.3984940807768114 11.467789489057745 -11.438266588492837 1.3923464165025188 11.418297969846369 -11.435657673678188 1.3868842552413267 11.367579146121356 -11.440951157516899 1.3817642175116502 11.315001634085315 -11.453605885780334 1.3772401570749584 11.261480451383253 -11.472144511727066 1.3731653859574979 11.206414374144389 -11.496439644211071 1.3695611005396107 11.150608492954349 -11.525104341413087 1.366495453157103 11.093551428782266 -11.558297860970523 1.3637601839117031 11.035885669727639 -11.594720419042469 1.3616364029681671 10.977241397621139 -11.63470973458082 1.3597054090840992 10.918057714810589 -11.677075659071168 1.3584403848236171 10.858145566096495 -11.722238070887309 1.3572463130191152 10.797714734710473 -11.769151447711929 1.3567509489766858 10.736780316875064 -11.818232554711058 1.3562301077086754 10.675313676255129 -11.868618699745435 1.3564155268885669 10.613539764713801 -11.920651002987778 1.3565107160688483 10.551200034778036 -11.97368393361824 1.3572921110019673 10.488716954383344 -12.027925679783305 1.3579532588136694 10.425627630666197 -12.082972902123895 1.3592522730392489 10.362522794549516 -12.138861131775633 1.360435780184321 10.298775954383901 -12.195441060978503 1.3621819774990145 10.235102434078264 -12.252554950739837 1.3638493971917964 10.170764992293158 -12.310303844930383 1.3659811387924061 10.106549102594046 -12.368335675868712 1.3680976227313326 10.041667675094226 -12.426981889263619 1.3705625180815586 9.9769156054783377 -12.485713758148078 1.3730953174237766 9.9115202008139693 -12.545057700999866 1.3758503232201347 9.846223739083749 -12.604342619028786 1.3787675319308319 9.780330521227599 -12.664241198096189 1.38177872704933 9.7144719126795227 -12.723987594546875 1.3850483793717088 9.6480852759245455 -12.784342175294968 1.3882904276146224 9.5816412543933254 -12.844501094747795 1.3918800026870524 9.5147554322599888 -12.905248219089184 1.3953353183722621 9.447700454574008 -12.96580270043453 1.3992116577939413 9.3803008546724485 -13.026906937836314 1.4028693033598119 9.3126095705806851 -13.087863209364674 1.4069989090510131 9.244673990636425 -13.149311631316884 1.4108532726180452 9.1763229871712362 -13.210691860795398 1.4152029216460846 9.1078228282371629 -13.272489719893393 1.4192522412139228 9.0387917064109047 -13.334326129770139 1.4237898313332729 8.9696932959880957 -13.396493399359466 1.4280346475806749 8.899965371449742 -13.458823585393446 1.4327301723346848 8.8302327521812565 -13.521391981980319 1.4371718009869328 8.7598034623456513 -13.584254683440843 1.4419983437873967 8.689452416078618 -13.64726105478 1.4466374429951321 8.6186638248465606 -13.710667489471364 1.4515719748879297 8.549954426999852 -13.77398208842208 1.456406623164453 8.4940647364444342 -13.836790963087632 1.4614262925585715 8.5249932266739137 -13.89276390900816 1.4664229246992346 8.9604404862613727 -13.91208537849843 1.4713353498373363 10.088840636085639 -13.808688828313583 1.4755902435716146 11.370829252728806 -13.407573643643092 1.4773039867872235 11.667592082748746 -13.15606411509828 1.4762951352851101 11.764173047756861 -12.973085625076918 1.4746328308732228 11.824986056872106 -12.749378365089148 1.4720371045459097 11.832395661104323 -12.605282155691507 1.46949329562716 11.830973274559874 -12.432441581817336 1.4660980497664835 11.823663555365178 -12.322562521190537 1.4630950688035174 11.811630880115048 -12.189477196908085 1.4592482879238462 11.801591562851899 -12.104154306578101 1.4559641886256762 11.786614894689682 -12.000156502016251 1.4518328573245678 11.775045689801503 -11.93305291144026 1.4483915281897133 11.757976942580351 -11.851155281318459 1.4440937366527804 11.745032372011565 -11.798180733223139 1.4405987156730218 11.726057297750268 -11.733733810804141 1.4362288379529917 11.711819711228898 -11.692085969618656 1.4327667870257208 11.691079987200272 -11.641817470798172 1.4284012308655214 11.675626952117831 -11.609472747196945 1.4250425843053105 11.653263878480661 -11.570962918315791 1.4207431378306838 11.636671527942434 -11.546398236259098 1.417542695551288 11.612825589542981 -11.517785305291234 1.4133593914178724 11.595168609824048 -11.499816155077241 1.4103571531348131 11.569976552880444 -11.479621818347031 1.4063307797914768 11.551328239457694 -11.467302602190971 1.4035530791189477 11.52492041523481 -11.454323618886573 1.3997172873609476 11.505352873336768 -11.446883315782264 1.3971782226097076 11.4778510757115 -11.440121434219257 1.3935611722103702 11.45743546346454 -11.43692027767136 1.3912642981032819 11.42895131967985 -11.435535340780557 1.3878898198801009 11.407758032824081 -11.436034544218389 1.385830043364221 11.378391973759593 -11.439312086185963 1.3827183314470055 11.356490689478019 -11.443052004865672 1.380883939624914 11.326331498787482 -11.450380143598117 1.3780518266191877 11.303791021704365 -11.456964115795403 1.3764265638131137 11.272915936097126 -11.467816523640035 1.3738874624773911 11.24980381883578 -11.476898694087437 1.3724525666506628 11.218279125619675 -11.490821597405155 1.3702161828102397 11.194661066655476 -11.502097646723943 1.3689522897520485 11.162543120970776 -11.518699522537021 1.3670242213628288 11.138482171173226 -11.531899594894165 1.3659130489520523 11.10581873573445 -11.550842690432336 1.364294385598755 11.081374369547197 -11.565726031143047 1.3633201204800709 11.0482061656343 -11.586719134236827 1.3620071470889819 11.023433291323705 -11.603070079129497 1.3611574720320558 10.989795642389247 -11.625862172960215 1.3601415617743606 10.964743636801222 -11.643487207815729 1.3594082830433785 10.930668086113736 -11.66786178639982 1.3586760393355455 10.905379942168892 -11.686587439948648 1.3580552982130427 10.870895733593198 -11.712357360723139 1.357588976726247 10.845407403263438 -11.732028722775366 1.3570810561224125 10.81054272920839 -11.75903154158777 1.3568592672863311 10.784882731568414 -11.77951121809429 1.3564680310729547 10.749665673364939 -11.807604997091664 1.3564666941863375 10.723855017724139 -11.828772332158142 1.3561987214056708 10.688314129775216 -11.857831937340881 1.3563922154653019 10.662366579596126 -11.879582351956275 1.3562557118869694 10.626531097705433 -11.909496268053053 1.3566181476152881 10.60045377409088 -11.931740588330635 1.3566217315625422 10.564353458306295 -11.962408277120463 1.3571282553932116 10.538147754565729 -11.985071951642041 1.3572797221010728 10.501812405451016 -12.016401768658007 1.3579077570499918 10.475475158922478 -12.039423904523279 1.358212925382303 10.438933871260115 -12.071331570958817 1.3589432561390238 10.412458717279893 -12.094663750108396 1.3594049932318097 10.37573895492794 -12.127071354468228 1.3602226131534911 10.349117772377792 -12.150676224033395 1.3608401170507478 10.312244360877191 -12.183511704352396 1.3617347721060484 10.285468710391619 -12.207361365214028 1.3625031708790778 10.248462848996541 -12.240558400097076 1.3634695585042473 10.221525304393317 -12.264632644525046 1.3643798583577158 10.184403696129211 -12.298130862160656 1.3654174657532325 10.157298977013134 -12.322415332558959 1.3664568522414093 10.120073164443369 -12.356160733149837 1.3675694466772794 10.092798992665026 -12.380645088121856 1.3687219146022918 10.055474969169548 -12.414590568258095 1.3699167255291496 10.02803259274409 -12.439266748500291 1.3711639866103584 9.9906107357294793 -12.473372616671154 1.3724506435811761 9.9630050892820492 -12.498233301259832 1.3737732386531769 9.9254804347298489 -12.532467682100178 1.3751625482846954 9.8977199335150789 -12.557505015838171 1.3765410743578972 9.8600827827958764 -12.591844056326078 1.3780437322434054 9.8321787756152066 -12.617048711857976 1.3794600855363162 9.7944155978234608 -12.65147652440757 1.3810854241303754 9.7663815304858481 -12.676837140231724 1.3825239588775158 9.7284760988914094 -12.711345443838551 1.3842788294846751 9.7003264621340346 -12.736848453013437 1.3857273390314682 9.6622611436641748 -12.771435902312477 1.3876152153617562 9.6340102958946918 -12.797065738733346 1.3890656562348924 9.5957673994211863 -12.831736959813805 1.3910860293784162 9.5674283639498174 -12.857476601699641 1.3925349295311107 9.528991447602154 -12.89224098054345 1.3946830410472946 9.5005747854562372 -12.918072766438879 1.3961315586845056 9.4619298256526996 -12.95294305881597 1.398398491636891 9.4334426784914172 -12.978849691954991 1.3998521189142104 9.3945790136731837 -13.013840540737615 1.4022252382446487 9.3660243972666439 -13.039806184619295 1.4036931724816661 9.3269353766123899 -13.074932640447795 1.4061568783699854 9.2983117849341408 -13.100944003002638 1.4076511099641464 9.2589950752466326 -13.136220146288451 1.4101878429687131 9.2302964300817738 -13.162267452528155 1.4117220318228652 9.1907539607709285 -13.197705208782535 1.4143134486215967 9.1619699138997266 -13.22378297214429 1.4159016778038698 9.122207468554965 -13.259391199066584 1.4185299028440088 9.0933240354515892 -13.285498718967073 1.4201854080348459 9.0533505274649695 -13.321282623649708 1.4228342604281723 9.0243510064346335 -13.347424159604588 1.424568235691587 8.9841775080888358 -13.38338507884006 1.4272243327326017 8.9550436255047661 -13.409569677577233 1.4290449071161155 8.9146822814912365 -13.445705223302699 1.4316985556791113 8.8853955431925602 -13.471946199591297 1.4336100215644967 8.844858764419179 -13.508250723366238 1.4362558254951905 8.8154023273283961 -13.534564798010155 1.4382581794852594 8.774704232284531 -13.57102997900264 1.4408953131955553 8.7450677600972302 -13.597435947115905 1.442984144726086 8.7042398461866384 -13.634050505722495 1.4456162663228687 8.6744436397512086 -13.660566343478282 1.4477829971078198 8.6336424170079464 -13.697308785923731 1.4504177815781734 8.6038882350668136 -13.723939701409106 1.4526502040339606 8.5641137515348618 -13.760724099306497 1.4552983719080255 8.5357874768257052 -13.78739082551631 1.4575812400743489 8.5036977260433808 -13.823697077520091 1.4602541303131977 8.4862997909517066 -13.849741554496525 1.4625684044056422 8.504162957741741 -13.882223075681631 1.4652677487540484 8.5611673684406746 -13.902754288811373 1.467578655555785 8.8128313653586101 -13.91382970537661 1.4702427155958344 9.1553789985122211 -13.904679369475394 1.4724228579729424 9.8069520684500411 -13.845054129911267 1.4747119900944328 10.365850674662616 -13.760512635226783 1.4762965839478739 11.013953238622143 -13.580685237181196 1.4772739479367945 7.8105648738427718
