BS2026_GAUSS_FIXTURE_V1 canonical-g3-n64 64 3 6 accepted f47a6f789fa463abdfdb8d0b158a78bd228bbe85881199d601d086f49396ba6a
30000 225 0.10000000000000001 1 10000000000 100
-4.6051701859880909 -1.3862943611198906 0.037
0.29955882827377411 0.40455439185938541 8.289799046039942
0 0.015625 0.03125 0.046875 0.0625 0.078125 0.09375 0.109375 0.125 0.140625 0.15625 0.171875 0.1875 0.203125 0.21875 0.234375 0.25 0.265625 0.28125 0.296875 0.3125 0.328125 0.34375 0.359375 0.375 0.390625 0.40625 0.421875 0.4375 0.453125 0.46875 0.484375 0.5 0.515625 0.53125 0.546875 0.5625 0.578125 0.59375 0.609375 0.625 0.640625 0.65625 0.671875 0.6875 0.703125 0.71875 0.734375 0.75 0.765625 0.78125 0.796875 0.8125 0.828125 0.84375 0.859375 0.875 0.890625 0.90625 0.921875 0.9375 0.953125 0.96875 0.984375 1
11.307218322294624 -13.434567074835771 1.4773747110928339
11.543676978955943 -13.269486082822382 1.4768918805260207
11.690217735373164 -13.102866484662041 1.4758673602592194
11.743367564445752 -13.007687421487166 1.4750612975548463
11.795384029098622 -12.851520559647476 1.4733837699767116
11.817817818592792 -12.710106981171956 1.471422379767096
11.823810276226748 -12.635342406111661 1.470180640257541
11.825489509047783 -12.515314811258175 1.4678995431793336
11.822141024430975 -12.406947535933856 1.4654671369016588
11.818529735221015 -12.348769742297499 1.4639911712781659
11.81058835308899 -12.256389789841757 1.4613674532079572
11.80186820325126 -12.172561193038801 1.4586531819665762
11.796720528169411 -12.127305714867795 1.457038360602072
11.7870673178204 -12.055065226436259 1.4542085059518377
11.776852955859349 -11.989186320492026 1.4513231591117817
11.770660188034505 -11.953556321864015 1.4496230659231732
11.759610687171321 -11.896618866923067 1.4466741194881525
11.748066529117141 -11.844623892396363 1.4437002606395248
11.741127076649693 -11.816463752514858 1.4419621577872355
11.728824860798284 -11.771473563728691 1.4389693818369194
11.716058762510439 -11.730466738884337 1.4359766028847056
11.70842044870831 -11.708326375966786 1.4342379717070153
11.694946071049735 -11.673061447681745 1.4312613446388291
11.681040146824444 -11.641072241240492 1.4283051402911022
11.672753280283276 -11.623871148001619 1.4265967709161607
11.658189780740267 -11.596622397332993 1.4236862917878799
11.643226524473244 -11.57212034116761 1.4208123647887005
11.634338888246601 -11.559060683899098 1.4191585255475938
11.618768174300531 -11.538573070940176 1.4163523598436705
11.602829250021287 -11.520413948535097 1.4135953079661587
11.593388181675865 -11.510861394489501 1.4120149520851182
11.576890963905967 -11.496110455325072 1.4093434612448896
11.560055941287294 -11.483354570489393 1.406730396570306
11.550107132170304 -11.47680693192598 1.4052375438169664
11.532760879636028 -11.466989266595874 1.4027221943094155
11.51510611905109 -11.458891136224295 1.4002719532162522
11.504693546993321 -11.454931949123866 1.3988767139813383
11.486572875591127 -11.449366445380289 1.3965332849119845
11.468171365011699 -11.445291781001609 1.394259343301625
11.457336609966392 -11.443576859597117 1.3929683193826208
11.438511455115464 -11.441706973003036 1.3908063489878648
11.419431555061658 -11.44113359629552 1.3887164486580423
11.408213805478725 -11.441369751210866 1.3875335773384523
11.388750372177178 -11.442712329884943 1.3855587573757788
11.369056426683036 -11.445186070753614 1.3836570720832868
11.357492101609454 -11.44712455777084 1.3825839694448143
11.337451266231799 -11.45127472475663 1.3807979284894307
11.317202393972126 -11.45641312004393 1.3790849540632457
11.305325261095309 -11.45983851954359 1.3781215599170067
11.284763863767969 -11.466439670602291 1.3765235252334065
11.264015009350507 -11.473905610349281 1.3749975672202348
11.251855999798309 -11.478632267739869 1.3741424056832501
11.230825483531923 -11.487381023340681 1.3727291762118916
11.209626338608945 -11.4968867663047 1.3713863850295884
11.19721375087083 -11.502752309952369 1.3706370234303666
11.175761600144568 -11.513379171571888 1.3694040406749937
11.154157851859955 -11.524669115733547 1.3682393561056729
11.141517285418134 -11.531532331217544 1.367592586246511
11.119685892833518 -11.543806022576554 1.36653400304599
11.097718302740722 -11.556660315465951 1.3655412583388453
11.084872910453035 -11.564397012635226 1.3649934031246895
11.062701016660764 -11.578111107285196 1.3641027183353374
11.040406702122553 -11.592333621091564 1.3632751877658038
11.027377193427679 -11.60083526042308 1.3628222184179117
11.004898959432701 -11.615811795235727 1.3620923868313857
10.982310629435835 -11.63123316790595 1.3614229151447208
10.969115538746619 -11.640404035585345 1.3610606442787874
10.946361894483328 -11.656483806831112 1.3604844115543147
10.923509063279665 -11.672952662270095 1.35996569159006
10.910164790466405 -11.682708926041656 1.3596898437032385
10.887162685583361 -11.699754430544122 1.3592598679085248
10.864071051171669 -11.717139868692122 1.3588845725171259
10.850592123069177 -11.727407546737238 1.3586908979970482
10.827365733958793 -11.745295708217151 1.3583998909284194
10.804058270049049 -11.763480699445909 1.3581607782317462
10.790457397816423 -11.774194981319317 1.3580450920938012
10.767027529090591 -11.792819518840131 1.3578859376523971
10.743523987155099 -11.811702914825537 1.3577759745740843
10.72981230713053 -11.822806648894407 1.3577342183037635
10.706197437279005 -11.842072508485701 1.3576999961798337
10.682515294700673 -11.861563974490918 1.3577123604799755
10.66870243039383 -11.873007163706228 1.3577406203953937
10.644918238145689 -11.892832414953018 1.3578247146383093
10.621072304229919 -11.912854041560987 1.3579529057013771
10.607166579789629 -11.924592689992888 1.3580474419600164
10.583226828099594 -11.944904204634632 1.358243498200832
10.559230046148377 -11.965386570655072 1.3584812819962693
10.545238546140709 -11.977382300760427 1.358638534566424
10.521154710757271 -11.998117266157211 1.358940556433351
10.497017849954648 -12.01900072423232 1.3592820625311401
10.482946603471175 -12.031219882984955 1.3594986604845396
10.45872860617261 -12.05232241889129 1.3599009331658041
10.434460926610416 -12.073554011974297 1.3603405719417148
10.42031496141062 -12.0859673758694 1.3606133323356639
10.395970881504066 -12.107389738684166 1.3611105066442442
10.371579896148688 -12.128924221402666 1.3616430530837891
10.357363394330324 -12.14150629601232 1.3619689790696115
10.332900067533158 -12.163206215221496 1.3625559814244068
10.308392084747556 -12.185003626536075 1.3631764823333579
10.294108429906521 -12.197732416607053 1.3635527583185771
10.269531226732624 -12.219674049895135 1.3642248632652889
10.244911168960455 -12.241700521021766 1.3649287091014883
10.230563075891078 -12.254556977197725 1.3653526930207365
10.205876384381831 -12.276708806395634 1.3661054313119274
10.181148224620349 -12.298934644281843 1.3668882635886319
10.166737779331335 -12.311902482409964 1.3673574804026032
10.14194483714949 -12.334238067794114 1.368186701184851
10.11711146325147 -12.356638390720248 1.3690444737857592
10.102640229823882 -12.369703652202757 1.3695566051500205
10.077743508698555 -12.392199967633589 1.3704583884904118
10.052807070065823 -12.414753189974824 1.3713872806771277
10.038276123986742 -12.427904098776787 1.3719401579796557
10.013277204775465 -12.450542123931635 1.3729108680288475
9.9882390131638292 -12.473230452553786 1.3739073366855163
9.9736490285920905 -12.486457064247487 1.3744989299946251
9.9485489038367199 -12.509220467017029 1.375535135036291
9.9234097052579351 -12.532028703461327 1.3765958357854202
9.9087609824187641 -12.545322791413076 1.3772242470891891
9.8835599656661142 -12.568198389158175 1.3783227649413379
9.8583198702619015 -12.591114313498489 1.3794445966541942
9.8436124061957262 -12.604469087740503 1.3801080491238895
9.8183103671099587 -12.627445805834482 1.3812658758540022
9.7929690594919894 -12.650459231325621 1.3824459106773883
9.7782025703374398 -12.663869247516619 1.3831427424430229
9.752798871233475 -12.686938474651777 1.3843570911579914
9.7273555633875475 -12.710041540578956 1.3855926124780433
9.712529541371584 -12.723502474255488 1.3863212667302822
9.6870232172739072 -12.746657241603394 1.3875895050083675
9.6614768086968397 -12.769843669620617 1.3888779462443404
9.6465905401106582 -12.783352243067585 1.3896369656856726
9.6209802568054794 -12.806587493868491 1.3909566487709839
9.5953293055443076 -12.82985280729506 1.3922956258245729
9.5803819163670099 -12.84340660800766 1.3930836438295642
9.554666105843646 -12.866718553647278 1.3944524602569921
9.52890894800219 -12.890059495506224 1.3958397184431692
9.5138994182993724 -12.903656917248073 1.3966554542139336
9.4880762537199512 -12.927043237568979 1.3980712542883111
9.4622109886694865 -12.950457930545941 1.3995046961545208
9.4471381888803716 -12.964098027319135 1.4003469469866421
9.4212056840862406 -12.987557368976052 1.401807695810299
9.3952302613072618 -13.011044863442084 1.4032853353613752
9.3800929637012906 -13.024727301864976 1.4041529724728647
9.3540489613826825 -13.048259422779221 1.4056567744624522
9.3279611766431962 -13.071819809040365 1.4071767611002475
9.3127580839736286 -13.085544750993696 1.4080687229574229
9.2866003264075143 -13.109150133349569 1.4096137813955207
9.2603978825170863 -13.132784194335745 1.4111743605381251
9.2451276370779123 -13.146552258435909 1.4120896492983386
9.2188537645462816 -13.170232208278653 1.4136742875264634
9.192534276009642 -13.193941493623358 1.415273821300864
9.1771954822163639 -13.207753661124196 1.4162114971068736
9.1508030809546526 -13.231510013794733 1.4178341237327787
9.124364114205914 -13.255296576846936 1.4194710571166955
9.1089553457941452 -13.269154160483073 1.4204302350823692
9.0824419558236276 -13.292989344296858 1.4220893623864628
9.0558810431680961 -13.316855785621279 1.4237622411827793
9.040400865545001 -13.330760353925722 1.4247420865432483
9.0137640135532404 -13.354677169783713 1.4264363005318976
8.9870786824159605 -13.378626441929802 1.4281437422311152
8.9715256607500731 -13.392579794537783 1.4291434678022663
8.9447629255899805 -13.416581447575718 1.4308714442591768
8.917950812981168 -13.440616865892512 1.4326121536904837
8.9023236954925178 -13.454620954651388 1.4336310156646026
8.8754328215193965 -13.478710882697678 1.4353914942604649
8.8484918589110304 -13.502835981710334 1.4371642384449266
8.8327896522955669 -13.516892909766904 1.4382015343601129
8.8057704439196254 -13.541074666026176 1.4399933321413205
8.7787024034245515 -13.565292879187913 1.4417969524887519
8.762930859984758 -13.579404121774987 1.4428520142492161
8.7357885822777614 -13.603680854545562 1.4446740010639707
8.7086051821996175 -13.627995369809335 1.4465073913156452
8.6927788973933904 -13.642162602022866 1.4475795876107502
8.665597881187816 -13.666532049052032 1.4494306775121941
8.6384610011198859 -13.690933160049326 1.4512927404292932
8.6228735479422074 -13.705127656596597 1.4523813436278916
8.5959514038095346 -13.729565816226726 1.4542603962069527
8.5694202795505579 -13.754030625739805 1.4561500211107319
8.5547225018380644 -13.768231252496756 1.4572543746958413
8.5317122697234069 -13.792481056965793 1.459159415087206
8.5127622400539291 -13.816432395429288 1.4610733718969278
8.5069365372332459 -13.829780187491657 1.4621890748969391
8.5042982890253818 -13.852588179685961 1.4641145959786344
8.5265882056791185 -13.873843389210737 1.4660447188927632
8.5625606231911888 -13.884182838314162 1.4671638438088497
8.6836911197234787 -13.896197807858895 1.4690687531396238
8.9048508136569797 -13.898083758772517 1.4709371848347967
9.0878098657753856 -13.893133832003318 1.4719909931421984
9.4920770437006787 -13.865827489533274 1.4737092820286297
9.9690399255992155 -13.811125124411079 1.4752312246048287
10.257047762900875 -13.765794310009165 1.475977827081284
10.73022490282772 -13.66320069274806 1.4769377905604948
11.125920285000863 -13.527457474569371 1.4773836287431068
47.79064818962074 26.804500910759334 -0.029529754309116248
31.001231699577716 27.580091870412502 -0.12729297514101157
18.073269615000104 27.313001901353726 -0.20855526358843737
12.326959700685302 26.677560352626497 -0.24825280923721868
5.5077756136468308 24.760960730740042 -0.30341080585448421
2.5500459320737487 21.801680180141606 -0.34206787008727996
0.78354127229616277 20.86397736810807 -0.36314726297600486
-0.18324179779692051 18.837654327885986 -0.39009489096048777
-0.8780920850332683 17.010304975752216 -0.41315413313408161
-1.15730298452257 16.03840547575826 -0.42478433770523882
-1.421958628421004 14.525830289069168 -0.44169219669692
-1.4146814894627016 13.212228790468359 -0.45471166987771122
-1.5473839054748453 12.493436209842537 -0.46238847491948681
-1.6422405098019888 11.396790680940354 -0.47253696171139148
-1.7328414711823177 10.39096768471396 -0.4807283428255435
-1.7836111396301451 9.8474000198366038 -0.4845946821153812
-1.8674797211170109 8.9852572619435467 -0.48968994377614988
-1.9470926596570612 8.2139370367262661 -0.49282809975916542
-1.9938903340223915 7.7787231600994158 -0.49411211691423995
-2.0715803970920028 7.0978385187322246 -0.49476623608504305
-2.1472009644997976 6.4622429716384184 -0.49411310902502098
-2.1902586028503634 6.1131822539131209 -0.49313120554191903
-2.2626052510978001 5.5492335511363509 -0.49041002945847018
-2.3328824036834184 5.0305739426329579 -0.4863816071441957
-2.3728764770061814 4.7386457836091154 -0.48370087416744878
-2.439944676591034 4.2713794356525545 -0.47806270822417807
-2.5049939071621319 3.8308781404576773 -0.47162059365306458
-2.5419224047840938 3.586832569026658 -0.46750125675595905
-2.6037776487910955 3.1886732901410073 -0.4597873043814607
-2.6636139237843417 2.8172790640170362 -0.45126940337911914
-2.6975848535775877 2.6082691202085462 -0.44614144821940849
-2.754343686736449 2.2697751802531143 -0.43670051467407617
-2.8092275248160954 1.9489144799920664 -0.42683191720921365
-2.8403061552685021 1.770294576471467 -0.42089162797119722
-2.8922237719500172 1.4773294656333904 -0.41034647093378884
-2.9422663935523152 1.2019975944896963 -0.39937364997684988
-2.9706312041566467 1.0470086855406917 -0.39293151323237963
-3.0178741241421783 0.7944329781966819 -0.38153154237366488
-3.063447029768855 0.55429435746602185 -0.3699662847348556
-3.0892011637805035 0.42026175900897045 -0.3631593434255812
-3.1321321252328542 0.199798471217523 -0.35133260393576365
-3.1733930723263475 -0.0082277299605748554 -0.33934057766585107
-3.1967543654449853 -0.12534748707751625 -0.33237775264025327
-3.2355650903920079 -0.31684285822746383 -0.32029026611734018
-3.2729373954620984 -0.49919046022013408 -0.30820714061733367
-3.2940254855139859 -0.60110356464665737 -0.30117690332641239
-3.3291222263088671 -0.76897949739588134 -0.28910067691622526
-3.3627805472268126 -0.92770766098782742 -0.27702881152894421
-3.3818251141417868 -1.0170705646823657 -0.27006108923910005
-3.4134044000431132 -1.1634241937614509 -0.25809818661513656
-3.4437786661986309 -1.3028785380351948 -0.24624014039905623
-3.4609014210455205 -1.3808633324353812 -0.23938715980161129
-3.4893693593419353 -1.5094030847465805 -0.22769499525863091
-3.5166322778925392 -1.6310435522524378 -0.21610768712353351
-3.5320556829288723 -1.6995141865615262 -0.20944257675251957
-3.557599570137604 -1.8117261717000235 -0.19807777646819982
-3.5821578541353047 -1.9186593720863847 -0.18687039651514578
-3.595996780337412 -1.9784632189896678 -0.1804202942601939
-3.618995850997949 -2.0770454405060073 -0.16946195152343843
-3.641009318447451 -2.1703488772702091 -0.15866102911794852
-3.6534675747922498 -2.2228531232179112 -0.15246089116410769
-3.6740916630394453 -2.3089026122737435 -0.14193540928391379
-3.6939269676672293 -2.390882898205017 -0.13158876388095711
-3.7051077782095256 -2.4367212568225636 -0.12564945850035433
-3.7236952359088926 -2.5122641085892274 -0.11558573041884972
-3.7414939099888431 -2.5837377572313307 -0.1057008388145821
-3.7515768280437869 -2.6239425139856065 -0.10003323328576839
-3.7682762382632324 -2.689810439803741 -0.090438770130656904
-3.7843575741323354 -2.7525327305702492 -0.081025577817376765
-3.7934322025454419 -2.7875883143648235 -0.075630652430985934
-3.8085357516544924 -2.8453342454041621 -0.066504228576918289
-3.8230212264131973 -2.8999345413918713 -0.057559075564681907
-3.8312412479292308 -2.9306349878136291 -0.052433495638792342
-3.8448754896357094 -2.9809003803307701 -0.043771595052322594
-3.8580360296013265 -3.0287356106558101 -0.035282687033176302
-3.8654772491557403 -3.0554564584791333 -0.03042187394051564
-3.8778883982266028 -3.0994471991972161 -0.022206638242220186
-3.8898258455566013 -3.1410077777231948 -0.014164395111248161
-3.8966169195913594 -3.1643670561758754 -0.0095573649196939604
-3.9079105492435033 -3.2025832982443894 -0.0017794172918682322
-3.9188501911081102 -3.2389287529372073 0.0058391956851237955
-3.9250539829421904 -3.2592201870976676 0.010199794147406309
-3.935433620057073 -3.2926060769326053 0.017566341475796898
-3.9454592693844135 -3.324121179391843 0.024773554153353774
-3.9511815919340982 -3.3418293897108953 0.028902222150653165
-3.9607338429541956 -3.3707775953492503 0.035869373807040653
-3.9700297840864622 -3.3982948441639 0.04269295274284312
-3.9753219263634283 -3.4136508365076197 0.046598106224428393
-3.9842123880988352 -3.438904327514408 0.053194554710285551
-3.9928465399464077 -3.4627268616974884 0.059647430475557671
-3.9977942407949163 -3.4761123559907716 0.063344609373468794
-4.0060929582659615 -3.4979806973521694 0.069583062068507132
-4.0142139595895809 -3.5187650532455121 0.075693901087916141
-4.0188584805701 -3.5303623049202719 0.079191594597515486
-4.0266983369215898 -3.5494318078381304 0.085100550198913411
-4.0343604771256514 -3.5674173252879307 0.090881892124681965
-4.0387703736920626 -3.5775277195715032 0.094195278540315244
-4.0462072992237657 -3.5940429622699379 0.099787069084056504
-4.0535289357849384 -3.6097483318898749 0.10526636908903124
-4.0577369736987636 -3.6185158575781067 0.10840347583976959
-4.0648762243885583 -3.632940016979501 0.11370481706134507
-4.0719001861078201 -3.6465543033023948 0.11889366774415391
-4.0759604861907643 -3.6542170790290918 0.12186858794881046
-4.0828461716240847 -3.6667434908476446 0.12689088682264721
-4.0896655187496052 -3.6786765493020788 0.13181448701787174
-4.0936037642255227 -3.6853483066219064 0.13463453173165291
-4.1003181648846319 -3.696342686642029 0.13940199171311785
-4.1069662272359393 -3.7067437132980317 0.14407075301597053
-4.1108245810207675 -3.7126124174909023 0.14674861587722082
-4.1174020348881477 -3.7222274403648812 0.15127148689533695
-4.1239510019044934 -3.7314198428802619 0.15570794262717982
-4.1277493140764081 -3.7365751658086643 0.15825012933131316
-4.1342532152106966 -3.7450989876089009 0.1625498770397
-4.1407286294939487 -3.753200189050538 0.16676320946181344
-4.1444992616818528 -3.7577901334112846 0.16918093707610093
-4.150955950588429 -3.7653430031859836 0.1732666054334657
-4.1574129484965781 -3.7726074198698685 0.17727663559846069
-4.161170991838989 -3.7767024403498555 0.17957560859213031
-4.1676284785841986 -3.7835105274466345 0.18346597997657166
-4.1740862743309792 -3.7900301614525977 0.18728071316864311
-4.1778561247369339 -3.793746289363825 0.18947072476700619
-4.1843342565310957 -3.7999038826116265 0.19317368760606801
-4.1908341617500007 -3.8058778851302635 0.19681037920098443
-4.1946270578178222 -3.809270172279771 0.19889638536636486
-4.2011614083529345 -3.814953736303194 0.20242823658882172
-4.2077175323127864 -3.8204537095974511 0.20589381656713299
-4.2115514423896805 -3.8236125303222992 0.2078843040222465
-4.2181566227064868 -3.8288955075053379 0.21125187571928028
-4.2247991455257292 -3.8340762098945951 0.21456127208128903
-4.2286822106782438 -3.8370442389662474 0.21646052300658117
-4.2353838089217435 -3.8420631437672546 0.21967788663447363
-4.2421227496676748 -3.8469797737744771 0.22283707492734089
-4.2460677858348586 -3.8498267524699759 0.22465241308711817
-4.252876217180301 -3.8546382531426384 0.22772546267425325
-4.2597328503148377 -3.8594098457658785 0.23074731437868806
-4.2637455243661631 -3.8621684880258242 0.23248242957583271
-4.2706784121958883 -3.8668769465579587 0.23542328679826169
-4.2776595018147043 -3.871545497040668 0.23831294613799017
-4.2817485265429216 -3.8742689339173446 0.23997414717473659
-4.2888129452539232 -3.8789175081048519 0.24278788863225562
-4.2959326878708994 -3.8835732847103133 0.24555644102020799
-4.3001017673862387 -3.8862862106368117 0.24714690498447145
-4.3073090318082325 -3.8909533813875132 0.24984396876608242
-4.3145716201361983 -3.8956277545561671 0.25249584347812648
-4.3188262217856837 -3.8983699307610489 0.25402100503536501
-4.3261807659712828 -3.9030879767901157 0.25660576444865379
-4.3335948097213883 -3.9078480626053587 0.25915051373516779
-4.3379370914930728 -3.9106377327158679 0.260613110905422
-4.3454452628936338 -3.915464325006099 0.26309456461559205
-4.3530129338586967 -3.9203329570825041 0.26553600819898709
-4.3574457802298472 -3.9231991326534468 0.26694072953983694
-4.3651099704071123 -3.9281578082096571 0.26932265102716257
-4.3728354212555089 -3.9331835000197639 0.27166903550400301
-4.3773597492264056 -3.9361392477869779 0.27301824575640449
-4.3851821137763869 -3.9412709585667014 0.27530841107720821
-4.3930657389974961 -3.9464696856003165 0.27756303938752652
-4.3976812309104014 -3.9495352608451824 0.27886079332241148
-4.4056635325992648 -3.9548566867736556 0.28106246819681668
-4.4137033256929277 -3.9602618881110416 0.2832324799562263
-4.4184088621788691 -3.9634462212864134 0.28448082659300483
-4.4265396060366298 -3.9689839543905845 0.28660074765603222
-4.4347278412991864 -3.9746054629036651 0.2886890056040638
-4.4394787234023791 -3.9779167922844825 0.28989143730146977
-4.4477959431235359 -3.9836875491879362 0.29193246928690175
-4.4560327458135882 -3.9895406060017415 0.29394514784031034
-4.4607894535506274 -3.9929849068463166 0.29510345191050635
-4.4688990373903028 -3.9989681612045618 0.2970712756492489
-4.4769282041988667 -4.0050337154731537 0.29901074595596777
-4.4799712918886758 -4.0084120309234113 0.30012700668939463
-4.4894949245370324 -4.0148512783146142 0.30202516721110584
-4.4935620126228875 -4.020898940101449 0.30389578077190577
-4.4934170925147967 -4.0242383456891231 0.30497177585265028
-4.4888519876842201 -4.0296665233974416 0.3067988104271297
-4.4788303382911385 -4.0347031155013919 0.30859829804069755
-4.4028429360521883 -4.0292019216543657 0.30959949539791237
-4.4556418040949781 -4.044009451007736 0.31139953240422796
-4.2736129875628164 -4.0380095634976199 0.31309359140342513
-4.0595713157503228 -4.0249390014954249 0.31403072795840725
-3.50604770940163 -3.9860220115222145 0.31555713092696724
-2.717696418477983 -3.9262976046855149 0.31697755588840854
-0.89346384139379553 -3.7142957507352459 0.31693055735342829
0.82261479138664995 -3.7321421742798391 0.31900554066663894
7.3451595067020294 -3.2011094962829918 0.31845143802562165
13.353864713493568 -2.6393778861659478 0.31691865675530811
27.480185407452982 -1.2400245634763656 0.31220536932420345
46.412972183947296 0.70820786075465814 0.30486299593887045
57.593885493113248 2.3714828383140523 0.29338614369058219
74.412332303754781 6.7144868184751036 0.27110937569723587
81.619421563871654 11.425719807623999 0.22849475257641766
81.389279171700068 14.33711932025748 0.19433098370406543
73.39130749725723 19.63088651335211 0.11954209957320126
55.781978272289692 25.292882715434569 0.024415360314865135
11.216622480121188 -13.490982488694799 1.4774924679882073 11.723481100475579 -13.058212175672683 1.475425003338602 11.827620757692834 -12.673068955786549 1.4708684757283956 11.825140290931744 -12.375622286584846 1.4645357435361612 11.804372152898804 -12.146138616224651 1.4577609879182287 11.77866848593834 -11.966929645169063 1.4501003538197723 11.749302075965739 -11.825455586490556 1.4425666784634557 11.716889234805585 -11.714165961378015 1.4345541563258806 11.681238723772646 -11.627084736891319 1.4270052009390619 11.64307080393537 -11.560300164461463 1.419275549141096 11.602014787293205 -11.510486118254946 1.4121935181745098 11.558935043693333 -11.475140670941373 1.4051519655299085 11.513321539832059 -11.452303900116506 1.398820587371151 11.466120857090756 -11.440083163089632 1.3926968780318019 11.416732620984579 -11.437362290429594 1.3872554375669108 11.366119959055732 -11.442527933311091 1.3821530083887674 11.313650734639666 -11.455043077565612 1.3776436172416409 11.26023932206788 -11.473433737212529 1.3735807799778499 11.205283956881264 -11.497575251543502 1.3699859121580251 11.149589283647943 -11.526082892853955 1.3669273892020826 11.092643563028494 -11.559117706138856 1.3641971700623612 11.035088999431782 -11.595381340039445 1.3620765740194796 10.976555558650704 -11.635212649765503 1.3601470957494406 10.917482186059619 -11.677422375290648 1.3588820986074241 10.857679720503455 -11.722431076101316 1.3576867302787516 10.797357882870253 -11.769193737508827 1.3571888949635715 10.736531743932998 -11.818127487383912 1.3566645411236913 10.675172672780668 -11.868369875505079 1.3568455252936769 10.613505652234682 -11.920262163611866 1.3569354623541898 10.551272186621214 -11.973158879420991 1.3577108810048029 10.488894812423494 -12.027268201273314 1.3583654101135878 10.425910718531155 -12.082186724119655 1.3596572349053684 10.362910727778553 -12.137949868086237 1.3608330446189902 10.299268447981563 -12.194408178042188 1.3625710913039017 10.235699307855567 -12.25140373885456 1.36422995497267 10.171466174340281 -12.309037395915366 1.3663527768155859 10.107354631184833 -12.366956866169694 1.3684600135456797 10.042577699283115 -12.425493367661932 1.3709153658234638 9.977930384614881 -12.484117937358752 1.3734383537278372 9.912640103168588 -12.543356752549876 1.3761833036642948 9.8474492397506541 -12.60253847089635 1.379090232951194 9.7816621994466644 -12.662335534667958 1.3820909432662627 9.7159104486977927 -12.72198185851426 1.3853499212750495 9.6496314474999103 -12.782237571165195 1.3885811195615865 9.5832959330271859 -12.842298593691494 1.3921596811718089 9.5165195792322628 -12.902948564885325 1.3956038305310228 9.4495751168423308 -12.963406416306743 1.3994688601138039 9.3822871606876053 -13.024414334002877 1.4031150605635443 9.3147087260621877 -13.085274391148463 1.4072330931334622 9.2468872743462978 -13.146626507682093 1.4110757620129637 9.1786517467244195 -13.207910153195037 1.4154136005049025 9.1102684760139532 -13.269610971324401 1.4194509987803861 9.0413557157979625 -13.331349713934113 1.4239765613999136 8.9723771990442973 -13.393418529776998 1.4282092480145538 8.9027707638052362 -13.455649324009165 1.4328925446595697 8.8331613369780353 -13.518117245102241 1.4373218500008633 8.762857311127938 -13.580878233722039 1.4421359771461812 8.6926354584725587 -13.643781418534564 1.4467625704347933 8.6219903924049124 -13.707082472130514 1.4516845054040501 8.5534984665416598 -13.770286147100318 1.4565064513566606 8.4982360669322379 -13.832961413872923 1.4615132279460163 8.5317866171667323 -13.888687514863335 1.4664963006264098 8.9734210091642002 -13.907185377799017 1.4713915090348488 10.101239104840573 -13.802149683951045 1.4756157885797576 11.306114922654418 -13.444667641802191 1.4773590132515682 11.545596538953287 -13.276874017625117 1.47697176926693 11.694260248632457 -13.106628515579548 1.4758303675790778 11.74771087828036 -13.010305423239666 1.475152730715485 11.801639295881035 -12.854553717251664 1.473305077710191 11.824317487023416 -12.711846732730283 1.471492018533197 11.829624041295833 -12.63556307973109 1.4700480753830178 11.830976608758036 -12.514336604986212 1.4679316873569963 11.826875054844322 -12.405314207069054 1.4652697912772441 11.823155661928068 -12.346642387590627 1.4639766155448171 11.815719852766689 -12.253681918841986 1.4611282801697132 11.80696172560441 -12.169266321025546 1.4585709024888258 11.801765868741739 -12.123774838246071 1.456756659526308 11.79189890303808 -12.051169243431172 1.4540568980148205 11.781817552054742 -11.984979250663084 1.4509898060106623 11.775405569112328 -11.949251432947475 1.449395604867981 11.76450978871744 -11.891957048615472 1.4463089044831028 11.752714665324824 -11.839878290828088 1.4433780098286346 11.745937481773101 -11.811503173884374 1.4415681993338008 11.733386336756171 -11.766543725200014 1.4385641673794101 11.72073711733554 -11.725285843451772 1.435541427415425 11.712895487199468 -11.703285869470017 1.4337503718699693 11.699501050706015 -11.667762216103135 1.4308008779670187 11.685396287314806 -11.635939051074498 1.4277257190055685 11.677171120760171 -11.618535069409003 1.42610963405763 11.66245204987025 -11.591489025042918 1.4230346283948589 11.647463108425113 -11.566824852088887 1.4202830230910266 11.638503224876997 -11.553965237283805 1.4184426287586354 11.622847118430945 -11.533351056752895 1.415790627031658 11.606854266169218 -11.51539919825362 1.4128139774768904 11.597304291826104 -11.505759540412759 1.4114158410153843 11.580803677776254 -11.491194209909349 1.4085190505918537 11.563769091681687 -11.478449486477055 1.4060784287190553 11.553898995435846 -11.472012443420839 1.4043808115101084 11.536308478678825 -11.462267249255637 1.402023829252987 11.518728016863067 -11.454278018833568 1.3993847845620391 11.508078131945192 -11.450416478671629 1.3981277690282277 11.490052779575286 -11.444916363735256 1.3956343531302879 11.471356229495417 -11.441054483691151 1.3934493450968983 11.460663817016227 -11.439308106834218 1.3920652224945211 11.441542343132378 -11.437701971826138 1.3899429805876957 11.422554123849203 -11.437117095064856 1.3878086344355531 11.411096227662176 -11.437604060709225 1.3866177983830423 11.391700015278785 -11.438911137520595 1.3846564938426014 11.371752969518981 -11.441725599951734 1.3826867204190212 11.360260873758625 -11.443554206575552 1.3816881797266691 11.340008750707469 -11.448054457826842 1.3797843989116292 11.31974162356941 -11.453148726697053 1.3781903041620731 11.307746483364912 -11.456856640270455 1.3770719188742171 11.287112453205992 -11.463431959076113 1.375631520284694 11.266257698660739 -11.471225449335225 1.3739171306777462 11.254012738139469 -11.47589149979067 1.3732483005143759 11.232932214356769 -11.484930676391992 1.3716314213474534 11.21154951785952 -11.494484552603323 1.3704822323631791 11.199181616078688 -11.500528852027832 1.3695318540740811 11.177497999804789 -11.511255306155762 1.3684866449344939 11.15593886102954 -11.522737308176245 1.3671348782841322 11.1430725530939 -11.529688723711438 1.3666562334776109 11.121317596831073 -11.54209614381862 1.3654411043097658 11.099056830141844 -11.555159859873124 1.3645803428770424 11.086348214328858 -11.562909859908739 1.3639194420042828 11.06387404459303 -11.576884340245526 1.3631151084244761 11.041675210176212 -11.591136758676296 1.362225440561722 11.028393209276093 -11.599875658853415 1.3618063712909627 11.005996709751505 -11.614841302847323 1.3610707502009456 10.983135492339848 -11.630594484743741 1.3603797222001248 10.970036039700119 -11.639664438107831 1.3600680597975305 10.947045445843212 -11.656091893290263 1.3594165176867068 10.924204911906925 -11.672511609627302 1.3590016517183496 10.91071274658316 -11.682552771787099 1.3586019580759592 10.887673247543544 -11.699552091527147 1.3583203517657736 10.864445573304094 -11.717268049757834 1.3577844375885244 10.850916157146283 -11.727448218671261 1.3577707060990822 10.827610472731902 -11.745636151306067 1.3572942739208245 10.804155233122804 -11.763826889077349 1.3572551618862982 10.790571761895205 -11.774738142032559 1.356942581584218 10.766942609928403 -11.793411289087826 1.3569863641195055 10.74346425718667 -11.812497524105671 1.3566873355143947 10.729550731666189 -11.823643425509852 1.356833607905624 10.706000304353436 -11.843054438322167 1.3566317487364703 10.682043067598643 -11.862698863044248 1.3568065792105051 10.668361824302062 -11.874172711035794 1.3567000493095447 10.644284593872356 -11.894202600988796 1.3569063529528169 10.620540858300334 -11.914255076255101 1.3569482801077541 10.606380074560393 -11.926190950246616 1.3571129222251974 10.582537880303772 -11.946486453019608 1.3572761613954669 10.558258883367182 -11.96725628784603 1.3575318524723323 10.54438509688973 -11.979148044272863 1.3577100274168488 10.520047213534076 -12.000193894959999 1.3579741469651974 10.495953931852579 -12.02100364071651 1.358394617090154 10.481709229964899 -12.033492122143638 1.3585180732093138 10.457489666181319 -12.054515249550063 1.3590487314291915 10.433058547587152 -12.076059524015108 1.3593538012018997 10.418898193365248 -12.08835441839901 1.3597915207974003 10.394446112827785 -12.110066832014823 1.3601209012395139 10.369945056436517 -12.131556378062635 1.3608486063973562 10.355716517448757 -12.144344950090106 1.3609841661732935 10.331088322406414 -12.166037810584863 1.3617783559318619 10.30658156537814 -12.188041622375248 1.3622081791038569 10.292123345452982 -12.200764527342253 1.3627843125099302 10.267592631491658 -12.222857539746567 1.3632778419792939 10.242718772095882 -12.244976769893547 1.3641656847395121 10.228490521968974 -12.257881850120915 1.3644344974589508 10.203522919843808 -12.28018080286502 1.3653378595698502 10.178895122920098 -12.302442774378086 1.3660089353305385 10.164230917958562 -12.315565228884882 1.3665803655565087 10.139542804056259 -12.337885391358428 1.367347169174318 10.114419778845503 -12.360527118198789 1.3682584855195081 10.100081296750508 -12.373492800473496 1.3687594203159985 10.074913953908641 -12.396263231603793 1.3696587738920158 10.050044324506182 -12.418729823791429 1.3706366720436325 10.035315289852473 -12.432132354856627 1.3711281529932535 10.01034384821347 -12.454669373604963 1.3722010291462154 9.9851124365137931 -12.477653842714371 1.3730903040104714 9.9705403730938862 -12.490740820122427 1.3738258578571365 9.9452992194434042 -12.513788166779495 1.3747144248037204 9.9200832927432447 -12.536514320885447 1.3759578590023851 9.9053891187703513 -12.550025612088705 1.3764066412508809 9.8800549082404832 -12.572850608968109 1.3777088403638826 9.8547845620825871 -12.595983052582115 1.3786419620905286 9.8399303044761073 -12.609291650573146 1.3795104784552343 9.8146477796366156 -12.632435221876072 1.3804822403516939 9.7890733743671294 -12.65549237035197 1.381861126192879 9.7744071039739442 -12.668975467875986 1.3823859520682003 9.7487349224198425 -12.692143500086287 1.383773722654249 9.7233796548442317 -12.715300566622789 1.3848738680378687 9.7083038277218101 -12.728877324677043 1.3857332651054128 9.6828988642569467 -12.752032039445979 1.3869101342615751 9.6570557607685075 -12.775421456517108 1.3882852107160011 9.6423090603121508 -12.788845904852892 1.3890006526765166 9.616411588259977 -12.812324749207008 1.390352495829668 9.5908411694857723 -12.835507053173739 1.3917082552049227 9.5756721870335646 -12.849296050189881 1.3924678791735698 9.5500044512596638 -12.872502793011192 1.393909007986494 9.5240221021517097 -12.896129543584742 1.3952187777512486 9.5090579037482534 -12.909578415439331 1.3961530277296037 9.4830571810468189 -12.933248629894578 1.3974448737126424 9.4571432451352546 -12.95656049512111 1.3990428849103698 9.4419885208149843 -12.970430671742886 1.3997210011830146 9.4159508073247835 -12.99381163059245 1.401375697533596 9.3899071128259148 -13.017533928611691 1.4026714799016058 9.3746506796393305 -13.031139348968225 1.4037433593066342 9.3485914298583008 -13.054862871691199 1.4050584558775001 9.3222906345256167 -13.078430444676819 1.406786178147809 9.3071611301221431 -13.09225890628697 1.4074939654789369 9.2807477387692838 -13.115925817606273 1.4092300712674659 9.2546114349321602 -13.139643946015665 1.4106352261010389 9.2390983049624449 -13.153493610280385 1.4117059621858155 9.2129125268824374 -13.177202127656798 1.4131726339324424 9.1862907823181725 -13.20108341753717 1.4148892574116074 9.1710904428020275 -13.214836957247329 1.4157521104581354 9.1443955624594402 -13.238812654005022 1.4174404487276711 9.1180418185072547 -13.262535178049374 1.4190613613018221 9.1023903122918401 -13.276612326585086 1.4200258909039403 9.0759376204255773 -13.300353637632252 1.4217253464506334 9.0491193364266866 -13.324499932546431 1.423352559244369 9.0337068196718242 -13.338258452559055 1.4244221045242587 9.0068544046735219 -13.362463454764365 1.4260195248231855 8.9801434145480954 -13.386304251485422 1.4278687285245812 8.9644706069199849 -13.400501038479959 1.4287244453484975 8.9376273091058049 -13.424410517572383 1.4306311726174838 8.9107045798083586 -13.448704043762064 1.4322020315688619 8.8949856420996554 -13.462609201956464 1.4334185791953664 8.8680390611474884 -13.486921183448844 1.4349930972529297 8.8409052239910526 -13.51102805335052 1.4369766787688674 8.8252443284191138 -13.525222498597222 1.4378228722128363 8.7979830351215789 -13.549437765465894 1.4398180354270402 8.7709509589933319 -13.57377860138482 1.4414506612181042 8.7549431587738873 -13.587941630269835 1.4426815563471973 8.7278687868886546 -13.612285386566677 1.4443624314896597 8.7003864838536753 -13.636745741614552 1.4463401948029662 8.6846887211969594 -13.650887346353791 1.4473085118155955 8.6571737159273923 -13.675457127584172 1.4492571539001227 8.6301040941750227 -13.699826531656605 1.4510709987164887 8.6141023268643497 -13.714243967924977 1.4521987227136119 8.5873236306801637 -13.738610892360329 1.4540851591765358 8.5608036312155473 -13.763313904700697 1.4559622644054213 8.5461561067603746 -13.777371778709806 1.4571250430207221 8.5221731464002968 -13.801963344787191 1.4589635497707116 8.502793479041614 -13.825864609116433 1.460992877333557 8.4949709394146371 -13.839822374807353 1.4619907668878187 8.4924854662172393 -13.86249726904877 1.4640746504012567 8.5169671467745331 -13.883433154905932 1.4658485797575957 8.5513419826918629 -13.893669641783738 1.4671533734349094 8.6684679876091977 -13.906763877568961 1.4688864527691383 8.8865026288527762 -13.909058180026056 1.470966531192851 9.0700401199525142 -13.903560553216645 1.4718312649540679 9.4762461179526447 -13.876888685457555 1.4737623750643045 9.9559164048470343 -13.823660978207657 1.4751010757098921 10.245972663326848 -13.778146830828501 1.4760435346858924 10.717980107686337 -13.672723308914017 1.4768488847997185 11.118821558792703 -13.536036036798807 1.4774723563137324 7.8085835976566802
