BS2026_GAUSS_FIXTURE_V1 canonical-g3-n16 16 3 6 rejected f47a6f789fa463abdfdb8d0b158a78bd228bbe85881199d601d086f49396ba6a
30000 225 0.10000000000000001 1 10000000000 100
-4.6051701859880909 -1.3862943611198906 0.037
0.29955882827377411 0.40455439185938541 8.289799046039942
0 0.0625 0.125 0.1875 0.25 0.3125 0.375 0.4375 0.5 0.5625 0.625 0.6875 0.75 0.8125 0.875 0.9375 1
11.52074166760333 -13.298679408242638 1.4770143850775088
11.827603408887978 -12.673226326538538 1.4707829664748464
11.814603990383358 -12.242525839147108 1.4608827708590884
11.793253236038314 -12.060044725765335 1.4543477205460495
11.749348343608292 -11.825535122389018 1.4424687262652895
11.697681969281646 -11.663632305059794 1.4303852780184845
11.664369593940684 -11.594711202506002 1.4234803504428362
11.602104244191189 -11.51049174177744 1.4121139018395092
11.534155501671783 -11.461171936484664 1.4016208581699632
11.492289175579852 -11.445564127007026 1.3959924844900378
11.416837765200617 -11.437307913107748 1.3872191960691302
11.337489625532831 -11.448573368271521 1.3796225500584871
11.289745583157835 -11.462613023324286 1.3757462188304972
11.205373005179808 -11.497480872191241 1.3700049050542593
11.118435958027913 -11.543732500252606 1.3653850012670383
11.066817414168616 -11.575031880290849 1.36318892178241
10.976602391900871 -11.635108557967197 1.3602159515302346
10.884715637206924 -11.701848734402096 1.3581936118855202
10.830568812366266 -11.74324855587127 1.3574258851725451
10.736523904135121 -11.818045536632175 1.3567622370364769
10.641354908946688 -11.89669970390883 1.3568696061761585
10.585507609988261 -11.943948512624315 1.3572618177476332
10.488837269947135 -12.027232267100802 1.3584618341417809
10.391347489467551 -12.112716875314813 1.3602796285843473
10.334261403101719 -12.163305670312502 1.3616017040081587
10.235612824452877 -12.251422608415611 1.3642953196408867
10.136289709028624 -12.340794105707735 1.3674855050715047
10.078185390480833 -12.393288555965908 1.3695550890763533
9.9778449812813701 -12.484182791842739 1.3734525081928599
9.8768754862556438 -12.5758268591419 1.3777532235419125
9.8178231423013553 -12.62946072338409 1.3804298636508563
9.7158560087484958 -12.72206915444799 1.3853086507360053
9.6132468187452087 -12.815195528746466 1.3905193412253323
9.5532282119106 -12.869615340988531 1.3936954984959329
9.4495720402916596 -12.963485334332272 1.3993852083446852
9.3452293335551353 -13.057806297335338 1.4053518655096477
9.2841784256858304 -13.112908174446204 1.4089447579318601
9.1787045746134339 -13.207952285921737 1.415313802231241
9.0724853692571035 -13.303475656064542 1.4219170250690447
9.0103142784376118 -13.359300014645957 1.4258622377227026
8.9028667232294207 -13.455637585321279 1.4328078375147546
8.794615386261551 -13.552532709504241 1.4399539058707405
8.7312515705334999 -13.609194703215692 1.4442006726161636
8.6220973603164932 -13.707016924658927 1.4516413807738751
8.5195056660805868 -13.804929156233026 1.459253320386942
8.4918714905708548 -13.859740592357131 1.4637499880440243
8.9734866567470917 -13.907079665291647 1.4714034213939373
10.774084306549545 -13.657131448165712 1.4770219776193465
33.493975672391656 28.200744263848335 -0.11479191353502571
1.4605718376069672 21.719111665673523 -0.35781372539237372
-1.3677503777570716 14.450335715193749 -0.44846619450171032
-1.6384445567249544 11.584224169973304 -0.47708273284711622
-1.9801142347748226 8.0180787169515941 -0.49932238622933872
-2.2831828912717045 5.4896793716029277 -0.49534950341556822
-2.4442214401890237 4.3271771894049893 -0.48394564377732241
-2.6949598730791329 2.7003971147617736 -0.45314052500035507
-2.9141151530515241 1.4240182589054347 -0.41259869166184349
-3.0279193749169329 0.80540466245944409 -0.38618266818830443
-3.2017026084657587 -0.090620238879248471 -0.33830841921816601
-3.3503823641287713 -0.81465070949980523 -0.28933098915703503
-3.4265020905966388 -1.1710765040510758 -0.26103304099310459
-3.5414755759513916 -1.6916783749123478 -0.21364255995154818
-3.6388552886256775 -2.1150914037536088 -0.16848886944913702
-3.6884850561768934 -2.3240548091212996 -0.1434398661898286
-3.7633390584837194 -2.6290382003853847 -0.10268818639992708
-3.8269632194319794 -2.8765261121499406 -0.064899117863424602
-3.8596377477663926 -2.9983559883854749 -0.044257626701282714
-3.9094741066480085 -3.1753476144360908 -0.011040492599905511
-3.9527525122048313 -3.31816303637462 0.019474974580536195
-3.9754895309879785 -3.3881618440127479 0.036067655306917162
-4.0111226073007291 -3.4893886501788591 0.062701170307551457
-4.0433493127602844 -3.5706865788659266 0.0871429371279175
-4.0609082049820886 -3.6104619927247374 0.10044069285083594
-4.089519733281489 -3.6680374851744535 0.12181935815886072
-4.1167387892054137 -3.7145521990492907 0.14149729774120448
-4.1321648691024029 -3.7375376949625059 0.15223436361475856
-4.1582695212668277 -3.7714248951140656 0.16955744013387264
-4.1842012222250009 -3.7997678711241765 0.18557873844215936
-4.1993419366209279 -3.8143193420513004 0.19435478207071735
-4.2256247010377166 -3.8368846163053059 0.20857395561590383
-4.2524232908564121 -3.8572842224573907 0.22179509735803746
-4.2683241097151701 -3.8685207824855552 0.22906785856723119
-4.2962625812413586 -3.8872825786813618 0.24090159695558763
-4.3250628686394119 -3.9058810683389273 0.2519631701677737
-4.3422497772234907 -3.9168351139799364 0.25807312429250578
-4.3725474498428829 -3.9361856663635795 0.2680546720641796
-4.4038370717511777 -3.9564857143236796 0.27743142190181536
-4.4225084552401572 -3.968842960868749 0.28263081712256832
-4.4553558877904633 -3.9911531285273742 0.29115604691273744
-4.4886817369199692 -4.0149139159929117 0.29920134416007332
-4.5071512561362894 -4.0293638208598717 0.30367794732668474
-4.4912581646940346 -4.0517691372758859 0.3110266575166431
-3.5717338744373199 -4.0068261329491603 0.31771412673460764
0.83477673024435561 -3.681487911753309 0.3202933803766902
52.12407909073832 1.5957664084854621 0.302305420285229
71.576081090333702 20.831591744197539 0.11135680553682954
10.67651587279722 -14.441860470484313 1.477181349608226 12.202082251392627 -11.775459171947812 1.4328838271811448 12.023784229073746 -11.200673193992772 1.3644612790561923 11.778669860904227 -11.14003781137068 1.3138073550712623 11.497615763855375 -11.287847829601315 1.2842657568837441 11.199059847579942 -11.527179849602238 1.2708120757314216 10.892071968166533 -11.804725693409853 1.2685506771178074 10.58014803051967 -12.095812552521723 1.2741059250127582 10.263830961891021 -12.389917409170351 1.2853196732505372 9.9422417462917014 -12.683742177597111 1.3008136244448332 9.6139180874025403 -12.977642878505455 1.3196828513004131 9.2772595988632478 -13.273688786248696 1.3413085971659295 8.9307558767341728 -13.574576314000613 1.3652479513506184 8.5730940796558954 -13.883025561335028 1.3911694523438918 8.2031984239843094 -14.201465775538088 1.4188157386823681 7.8204470300326685 -14.531877594546428 1.4479820082483528 11.467676284106505 -13.98937568800271 1.478635379873646 12.378471073420007 -12.666033298669939 1.4655562549445311 12.162325904102083 -11.873835984274507 1.4398407796803188 12.186569342833812 -11.663877072609798 1.4249355569310571 12.123687678860088 -11.386428076528027 1.3975554453406278 12.047913841065602 -11.230945725662114 1.3715158443117308 11.998816604056197 -11.177004305784758 1.357633692984807 11.907363282603749 -11.132426958517774 1.3363255841729482 11.808556981497714 -11.133364300961407 1.3183879150244073 11.748343048430264 -11.149347464613991 1.3094948537520044 11.641225025867257 -11.197314041738537 1.2966715866458784 11.53041579622958 -11.265235164036152 1.2866862237399619 11.464605634483249 -11.311615817516246 1.2820490198947563 11.349794700318089 -11.400312267279853 1.2758678272789086 11.233240045811458 -11.497650266166598 1.2716918673132185 11.164779716101712 -11.557190663453961 1.2700739166436672 11.046310601734264 -11.663156889448112 1.2685267170842516 10.926949869381232 -11.772477563050677 1.2683650240169602 10.857134197294044 -11.837142886947014 1.2688352166157097 10.736646330606568 -11.949456539692381 1.2705083974644911 10.615514729043772 -12.062744472230488 1.2731653717717719 10.54472478224972 -12.128916437370052 1.2751180434175033 10.422570940489461 -12.242807094939621 1.2791052387276012 10.299717436313903 -12.356766240153796 1.2838214132944021 10.227873864642454 -12.423062554059019 1.2868720491782928 10.103776709849434 -12.53689736750216 1.2925963464472938 9.9787877307917494 -12.650650011131914 1.298884914140189 9.9056042303052205 -12.716832784284781 1.302784994465614 9.7790179816251648 -12.830575947710178 1.3098699400971558 9.651301488079584 -12.944457876291915 1.3174087539573736 9.5764210086355224 -13.010852544008127 1.3219917766369687 9.4467242617769944 -13.125233065216294 1.3301818971659496 9.3156595744366744 -13.240131800158412 1.3387485266035033 9.2387254593425165 -13.307304719492583 1.3438978926329583 9.1053207986035538 -13.42335137625275 1.3530117538879676 8.9703345018773071 -13.540334478128921 1.3624453634967875 8.8910257233768668 -13.6089119069449 1.3680755748769273 8.7533877565331633 -13.727693393634324 1.3779783576835842 8.6139884451548436 -13.847803320229758 1.388157486849031 8.5320346999477614 -13.918373121995376 1.394203205924498 8.3897290559815563 -14.040860255228981 1.4047907812249045 8.2455187543788817 -14.16501000110898 1.4156204788342104 8.1607115281333282 -14.238071980233466 1.422030204543892 8.0133744361337502 -14.365079678550114 1.4332199696582735 7.8641720984547625 -14.493999342010044 1.44462438068684 7.8471502026279802 -14.549087277876025 1.4512923936887225 7.6011538574262056 -14.723621296040431 1.4631609767135698 9.3319354106875085 -14.61405468760891 1.4743466813687907 8.1404990809203035
