BS2026_GAUSS_FIXTURE_V1 canonical-g3-n32 32 3 6 accepted f47a6f789fa463abdfdb8d0b158a78bd228bbe85881199d601d086f49396ba6a
30000 225 0.10000000000000001 1 10000000000 100
-4.6051701859880909 -1.3862943611198906 0.037
0.29955882827377411 0.40455439185938541 8.289799046039942
0 0.03125 0.0625 0.09375 0.125 0.15625 0.1875 0.21875 0.25 0.28125 0.3125 0.34375 0.375 0.40625 0.4375 0.46875 0.5 0.53125 0.5625 0.59375 0.625 0.65625 0.6875 0.71875 0.75 0.78125 0.8125 0.84375 0.875 0.90625 0.9375 0.96875 1
11.386051670361164 -13.396912945015336 1.4773202711347422
11.723452296170127 -13.058199486961966 1.4755045808217733
11.819934305589316 -12.752049800909919 1.4720069011629988
11.830845915542744 -12.599002911615354 1.4694899739873084
11.825138697581192 -12.375593790655373 1.4646301385581026
11.809633958180955 -12.193042239195794 1.4592882028181016
11.798924478758479 -12.101974070644957 1.4560177209231431
11.778635655661082 -11.966903410634863 1.4502017217697138
11.756239900873883 -11.854540063457659 1.4442250332955155
11.742293007121022 -11.798038590036034 1.4407085149370915
11.716832701334857 -11.714152785760811 1.4346544384076161
11.689567801497814 -11.644846665114789 1.4286445988834646
11.672909129908868 -11.610429551581483 1.4251908133125215
11.642995058870854 -11.560303483883141 1.4193669012975569
11.611535171720638 -11.520374429328132 1.4137190227735357
11.592553052596058 -11.501344697273142 1.4105274033533315
11.558846189687912 -11.475168006614492 1.4052270552057349
11.52384027983252 -11.456444597232659 1.4001790208579954
11.502904951281023 -11.448658808818017 1.3973644752978089
11.466026154748045 -11.440132384832882 1.3927498961233855
11.428072415995953 -11.43719687356502 1.3884231681714512
11.405520706641406 -11.437831038867932 1.3860401938437152
11.366027081922274 -11.442598245071327 1.3821797608252613
11.325654946765003 -11.451607756377712 1.3786160540572501
11.301781288266625 -11.458637559888265 1.37667794850731
11.260156157812704 -11.473518198554265 1.3735793754092447
11.217818517107379 -11.491644193607719 1.3707692494095338
11.192873303593723 -11.503557816876409 1.369264323276667
11.149522655125429 -11.526176901510844 1.3668980120791074
11.105597413754491 -11.551278498856355 1.3648027949947972
11.07978704601287 -11.566933963536982 1.3637049610358727
11.035044877938272 -11.595476201802438 1.3620217341826564
10.989838821054937 -11.625920212063003 1.3605877111823552
10.963330673582913 -11.644437427714976 1.3598643167597222
10.91746444507876 -11.677511448043521 1.3588062791147166
10.871222415849449 -11.712036097932913 1.3579743100099015
10.844148341702464 -11.732739385388628 1.3575906636787134
10.797368630445439 -11.769269075626784 1.3570982498346711
10.750280858253056 -11.806903207350397 1.3568093093369336
10.722743244252952 -11.829269099202062 1.3567314757802256
10.675211603868807 -11.868425446225496 1.3567473877011125
10.627423293394399 -11.908418478814783 1.3569456531095097
10.599499284131548 -11.932044839698154 1.3571419421560564
10.551336888547752 -11.973189640557136 1.357613161899029
10.502955464965479 -12.014966306648857 1.3582475653901749
10.474701790826876 -12.039544540326904 1.3586891678751449
10.425996737763796 -12.082189621900348 1.3595678055654177
10.377099240702652 -12.125310994997585 1.3605925131958703
10.348556032719639 -12.150606486050441 1.361253694102516
10.299369637173509 -12.194382421135579 1.3624971598096505
10.25000867109885 -12.238517404438264 1.3638715540643898
10.22120273013492 -12.264354229479002 1.3647295882196211
10.171575263527343 -12.308984159495695 1.3663002942885929
10.121784025951081 -12.353887077916411 1.367988665926144
10.092731820752899 -12.380134868686985 1.3690235668658453
10.042686748186414 -12.425416263433085 1.370888586222061
9.9924834482885689 -12.470908086223247 1.3728596219409948
9.9631932107426362 -12.497473306082535 1.3740539267113612
9.9127412647569582 -12.543260954495917 1.3761844049467067
9.8621323850539024 -12.589215988294583 1.3784107519664945
9.8326062347517222 -12.616033168056088 1.3797491548132381
9.7817482248633674 -12.662227920805368 1.3821198958529195
9.7307315636771854 -12.708561422267291 1.3845775926076871
9.7009668675981313 -12.735587820795596 1.3860467319946801
9.6496963556018915 -12.782125739431564 1.3886356520803691
9.5982631384558932 -12.828785615775956 1.3913037439723899
9.5682538909142654 -12.855995587487975 1.3928918867887583
9.516559069669821 -12.902840547446074 1.3956796404191567
9.4646959086872844 -12.949799376723298 1.3985397105468411
9.4344336405648939 -12.977180823569018 1.4002365669924448
9.3822989929640421 -13.02431776491774 1.4032061370927844
9.3299892697396327 -13.071567322383711 1.4062419943541835
9.2994638866914769 -13.099118224314219 1.4080384914073938
9.2468714298869994 -13.146548113598859 1.4111748763792533
9.19409649098343 -13.194094383891093 1.4143722186810319
9.1632968800475645 -13.221820325503147 1.4162603417283439
9.1102271644033266 -13.269556010163214 1.4195502770648711
9.056967218839004 -13.317415473665607 1.4228964413712686
9.0258817486507485 -13.345327559961408 1.424869088400629
8.9723146793106885 -13.393390358339555 1.4283007957000367
8.9185496487695417 -13.441586917260537 1.4317845342979423
8.8871667599536703 -13.469700054127948 1.4338353832365485
8.8330835652917532 -13.518117086561663 1.4373983882719192
8.7787984027612325 -13.566679213451069 1.4410096691711165
8.7471165654834184 -13.595010091255871 1.4431330851760757
8.6925408716270649 -13.643808909090287 1.4468180093518299
8.6379430923780163 -13.692750993066996 1.450547796799657
8.6063211152223076 -13.72129005021845 1.4527386093158603
8.5534063835507865 -13.770337225078595 1.456536376343345
8.5077630919395482 -13.818983712896593 1.4603737708756042
8.4924296484265867 -13.846508093192019 1.4626225817706142
8.5316942161134346 -13.888759500980738 1.4664983382174903
8.8110601427489144 -13.909820136265488 1.4703248928895021
9.1775825920285037 -13.898137168076479 1.4724503311575159
10.101148045292696 -13.802240495134059 1.4755897995906855
11.011584418007789 -13.578627852214984 1.4773209319855236
43.13056792302212 27.455417103516037 -0.058353279179473201
15.179321095406198 27.31611631149212 -0.23120298059904887
2.9891555946495827 23.050198540591136 -0.33670921744024074
0.44679102678909927 20.441632374533988 -0.37603134782823106
-1.0396225358195761 16.63013359491875 -0.42386412878954138
-1.4522097386186892 13.658772463114131 -0.45689622040809758
-1.5816538806563245 12.23245220329013 -0.47113990893733609
-1.7659120628794185 10.16102867536307 -0.48849706349157312
-1.9332699086598875 8.4571547604162127 -0.4979318788969529
-2.0262882045693629 7.5994050122396128 -0.50016738270933792
-2.1795638228173524 6.2979513592687546 -0.49927119526533786
-2.3244996516882992 5.1803097100330726 -0.49306628263089908
-2.4050170862331881 4.6004208563068172 -0.48732788835753205
-2.5368352272193073 3.7017239425937256 -0.47448366233459816
-2.6604783098492604 2.9129047115821942 -0.45832744964678068
-2.7287727771753292 2.4951544076185526 -0.44775230279063871
-2.839899132153973 1.8435652543461782 -0.42777167600333044
-2.9434946862841023 1.2614321568925355 -0.40615813260204903
-3.0003744986992755 0.95270848919854778 -0.39292053355701834
-3.0926059816964102 0.46491985960296911 -0.36950216838415911
-3.1780414896487121 0.028153338156873459 -0.3453893883988694
-3.224838463503263 -0.20585844710337525 -0.33120972107471103
-3.3003527665345551 -0.57511361097933689 -0.30669019642775885
-3.3701095127669332 -0.90800963042544958 -0.28223125427534279
-3.4081560220745883 -1.0860790386828187 -0.26807532623263808
-3.4694692632139885 -1.3682333327089737 -0.24402723939987772
-3.5259087576596744 -1.6224734634728926 -0.22041477537141546
-3.556681489662993 -1.758913599059742 -0.20692069818541128
-3.606185361419163 -1.9749526543328084 -0.18420496741845918
-3.6517289540784623 -2.1697883721677873 -0.16213888000945437
-3.6765423178605929 -2.2742593029059028 -0.14961403696762171
-3.7164485401485039 -2.4395286731284154 -0.12865697189349121
-3.7532068885866821 -2.5885653087746134 -0.10843379476783657
-3.7732465790529139 -2.6683647151002412 -0.097005459449254372
-3.8055811929064052 -2.7947711434626799 -0.077956159599157929
-3.8354136830167485 -2.9084217375451518 -0.059646313303233209
-3.8517509471841533 -2.9693366756629045 -0.049325567722149827
-3.8781442152392653 -3.0654266372966532 -0.032162717609268657
-3.9026766591492366 -3.1519348772623483 -0.015700179574382776
-3.9161409414920545 -3.1980760030546982 -0.006437222429577648
-3.9380839951849342 -3.2710892969089556 0.0089568940548726342
-3.9585899999036664 -3.3364960288119456 0.023701196127395803
-3.9699585092952683 -3.371495432631038 0.031997536490586287
-3.9885635956234795 -3.426558066627746 0.045770837240595885
-4.0061765237349443 -3.4760170783238888 0.058967796366945317
-4.0159945672872537 -3.5023296112740967 0.066387591384400646
-4.0322605495102408 -3.5439081332523323 0.078717616965528509
-4.0478092247034123 -3.5810961804836343 0.090528363156778646
-4.0565886708143566 -3.6009838874130109 0.097177241018237867
-4.0712422774530603 -3.6322793484207274 0.10822316181381823
-4.0854575599306067 -3.6604107287982912 0.11881860034589803
-4.0935486109371251 -3.67541313715336 0.12478299508640321
-4.1072116864116825 -3.6991630336599757 0.13470515349142373
-4.1206148541648515 -3.720539439699496 0.14422796552851114
-4.1283279047167749 -3.7320322194658013 0.14959649540050451
-4.1414592818115601 -3.7502805447747285 0.15853208957601223
-4.1544895306991521 -3.7668737449731684 0.1671207308321796
-4.162044219578676 -3.7758510009522457 0.17196595705714213
-4.1750047527144378 -3.790244396292072 0.18003897960574802
-4.1879778306335798 -3.8035145763671419 0.18780833529702856
-4.1955476283866506 -3.8107874323640027 0.1921960745379431
-4.2086129985040266 -3.8226331005672498 0.19951631780748996
-4.2217723132176239 -3.8337558039839452 0.20656914004438437
-4.2294875336125664 -3.8399649995578118 0.21055737164042471
-4.2428512487423307 -3.8502316323027665 0.21721529610918633
-4.2563755227742046 -3.8601260816252871 0.2236411638537639
-4.2643249786026365 -3.8657387057577348 0.22727688959008627
-4.2781361864558249 -3.8752325957136122 0.23335661738590485
-4.2921457285077853 -3.88457432459413 0.23922929410239085
-4.3003976490971922 -3.8899870589632135 0.24255750041908167
-4.3147488680794197 -3.8992673092911114 0.24812494110513167
-4.3293296726193624 -3.9086061069542524 0.25351261992899154
-4.3379226627026846 -3.9140791117046567 0.25656698800745076
-4.3528786531046846 -3.9236094279146285 0.26168489996054722
-4.3680779862708787 -3.93331752978004 0.26664113578602722
-4.3770379651017528 -3.9390743502054311 0.26945547397843733
-4.3926303253161914 -3.9491610438031048 0.27417280136151156
-4.4084730353713901 -3.9595357801228896 0.27874867179530533
-4.4178087827716386 -3.9657128008463038 0.28134800936267729
-4.434044211143406 -3.9765918369203339 0.28571098266919348
-4.4505233983114234 -3.9878180638791338 0.28994643547737098
-4.4601986331599317 -3.9945193644916106 0.29235563074407867
-4.4769524726276169 -4.0063279034821395 0.29640162594564218
-4.4933049535890408 -4.0184784327313521 0.30033439267311984
-4.502218290331081 -4.0256783390407467 0.30257250329659813
-4.5134523448028663 -4.0380430128817215 0.30633330415380206
-4.5051147656229817 -4.0492948863230325 0.30998592552010817
-4.4656551365686736 -4.0533801314195994 0.31205556962269826
-4.2083702959023359 -4.046266301423036 0.31547839520412302
-3.0601553808633599 -3.9715663376644823 0.31854527316135911
-1.0319252644333705 -3.8232514368826518 0.31988986667819114
9.7648441002817314 -2.967635091958841 0.3197975307884956
40.163915906456133 0.021819855212521111 0.30968293568437483
63.565883722014853 3.5455786225057668 0.29156613235368734
82.372269285430633 12.931206740724573 0.21522199521899818
63.012012224923915 23.670936178062256 0.057564057659567874
11.21820500764618 -13.481312527033049 1.4774685079991112 11.822118059773054 -12.672727081393372 1.4707337913101095 11.799429628698453 -12.149512323408374 1.457936441554941 11.74462299860115 -11.830424535196643 1.442739015899126 11.67689531601299 -11.632267210996137 1.4275470572014368 11.598156385416067 -11.515605751832995 1.4127034071504863 11.509866666026552 -11.456792149642492 1.3996714447836427 11.413890799007842 -11.441236931585959 1.3880237224389465 11.311203528096298 -11.458062059130182 1.3786948602839924 11.203505167858832 -11.499799134955108 1.3709196291516057 11.091214841431144 -11.560509410504253 1.3653464713198671 10.97581011177386 -11.635782575313641 1.3611663426423444 10.85723826065354 -11.722291902609081 1.3588480362886719 10.736770607930042 -11.817199486443096 1.3577021421901505 10.614022046410076 -11.918772551193417 1.3580366219442515 10.490082838176836 -12.025036262137276 1.3593638828960584 10.364378665131156 -12.135288493069153 1.3618154844037338 10.23782846766256 -12.248039497894625 1.3651425957308705 10.109795181264969 -12.363260622864539 1.3692820786278923 9.9810192314645274 -12.479744959385913 1.3742330733228183 9.8509045548319047 -12.597889396215356 1.3797312443717282 9.7199959264532989 -12.716670639514639 1.3860123976754766 9.5878182648512258 -12.836727013688236 1.392621402693377 9.4547020946404885 -12.957181563127603 1.4000022668098515 9.3203496948858326 -13.078771005020604 1.4075366905328215 9.1848645088102359 -13.20076344106233 1.4158339115224809 9.0481593924943109 -13.323880858997557 1.4241550665263287 8.9101091485954846 -13.447553523993882 1.4332203017190754 8.7708599677990886 -13.57239960312279 1.4422240097576353 8.630521744221797 -13.697999457473973 1.4519353441150391 8.5082811580871258 -13.823354536004738 1.4615364306831022 8.9920918198493531 -13.896240819269009 1.4715620763511481 11.386760404476915 -13.387057508796449 1.4772125961335463 11.719230892017068 -13.055012739065186 1.4755565384214671 11.813064470721859 -12.749335501318491 1.4719519397006384 11.824815146004941 -12.599183940150548 1.4695870358820351 11.820558294931548 -12.377375904706827 1.4646935659785043 11.804290494759332 -12.196209579582625 1.4594783893703667 11.794066632788454 -12.105519544753944 1.4562077438560421 11.773688224220221 -11.971216464577331 1.4504742625572538 11.751559177153569 -11.859185423926597 1.4445821693250531 11.737520471203995 -11.803040881758392 1.441063270582813 11.712323842785642 -11.719143871983199 1.4351485692598287 11.685076537194915 -11.650159110579162 1.4291086853326382 11.668598854077183 -11.615550066320891 1.425811800096034 11.638770702606767 -11.565579060067765 1.4199081695392548 11.60751909612396 -11.52537639961016 1.4144762090320486 11.588622764009399 -11.506441202350684 1.4111408973852539 11.555081436615044 -11.479926217892942 1.4060771524550548 11.520302336360583 -11.461142483044819 1.4008792043925951 11.499409188849436 -11.453099521709028 1.3982876766923527 11.462818701453365 -11.444417632373478 1.3935117289206937 11.424944609850149 -11.44114201373695 1.3894133355054561 11.402649223611945 -11.44165580909714 1.3868599397562118 11.363200065311501 -11.446109229776209 1.3832022248016884 11.323206068651839 -11.454806279750585 1.3794994133572287 11.29926623514892 -11.461694523958585 1.3777156802630397 11.258041793950769 -11.476194508072066 1.3745115492822941 11.215712152807159 -11.494097637221081 1.371813019813638 11.19108650310819 -11.505710289400456 1.3702411759944564 11.147747193288406 -11.528148684150903 1.3679293225977709 11.104216233778418 -11.552778778842439 1.3658213025418284 11.078348656830242 -11.568423877655754 1.3647156135739951 11.033973908270362 -11.596468986216504 1.3630720043167972 10.988827515154362 -11.626799800368877 1.3615722782069977 10.962560961143669 -11.644941936215773 1.3609388370084492 10.916797005953773 -11.677914687662849 1.3597619759470085 10.870830402614617 -11.711950157173979 1.3590618984600507 10.843824840937556 -11.732673550340408 1.3585183066183353 10.797264097903273 -11.768740352802157 1.3581904409109242 10.750381966490668 -11.806259711808456 1.3577079582252951 10.72292251668109 -11.828321046588467 1.3578178543019073 10.675650064661646 -11.867333520979773 1.357624629578984 10.627966470043225 -11.906963557474789 1.3580105356017886 10.600268949009372 -11.930516733373022 1.3580032186140294 10.55216353382399 -11.971359740053083 1.3586506621995778 10.504128912889952 -12.012912817147974 1.3590924877005968 10.475815239102014 -12.037357172481716 1.3596899744118891 10.427484710684453 -12.079731386161461 1.3604068433281964 10.37858401483907 -12.12268427829969 1.361542092218361 10.35034925653855 -12.147760157824541 1.3620907984190092 10.301152593916036 -12.19142619973751 1.3633957166674451 10.252176982152738 -12.235209991272461 1.3647018541425711 10.223290880688792 -12.261076672531331 1.3655733531149026 10.174031357794364 -12.305326778963042 1.367131017151594 10.124263280536407 -12.350207988388149 1.3687686140508202 10.095468740085538 -12.376145802712234 1.3698530228301586 10.045484937232512 -12.421426239552574 1.3716130177990091 9.9955753149135251 -12.466523636899497 1.3736760847037723 9.9663157490053358 -12.493173700395568 1.374726033477683 9.9161066722798239 -12.538580812233235 1.376989994648421 9.8656629883908806 -12.584528910199234 1.379027334224747 9.8362451913491391 -12.611072086295927 1.3805367953833794 9.7856099655203046 -12.657232592748539 1.3826954506761902 9.7347275118261152 -12.703256202559098 1.3853307369002072 9.7051602761641611 -12.730284149216692 1.3865885379086733 9.6539747439839942 -12.776562503128034 1.3893541586801017 9.6028690528400755 -12.823100206458875 1.3918105701724868 9.5728225637886233 -12.850180724965369 1.393567534149825 9.5214939705790691 -12.89684936910265 1.3961670388156104 9.4696481599893367 -12.943663089649759 1.399156248289571 9.4396941573387512 -12.970886484432144 1.4007104976437044 9.3875636908230486 -13.017932925621972 1.4037663014723176 9.3356568551791099 -13.064901015353534 1.406697822755262 9.3050531801502903 -13.092481473261445 1.4085381175769336 9.2528584339520155 -13.13958708457392 1.4116239536152402 9.200109909733996 -13.187126779418293 1.4148001035274946 9.1696005359341797 -13.214570007468692 1.4167029363623047 9.1165906191639419 -13.262321653668296 1.4199157026066158 9.0636755134508551 -13.309807843864675 1.4233212959072401 9.0326060469649629 -13.337816497686157 1.4251744947851801 8.9793400481641559 -13.385503802484598 1.4287130566173309 8.9257358327659713 -13.433713246172275 1.432024936197932 8.8945120859204376 -13.461539054599356 1.4342291967656633 8.8406487062715016 -13.509943767762442 1.437589165609376 8.7865641760491204 -13.558170001259791 1.4413682885880934 8.7550723073400416 -13.58652565001749 1.4432813980038626 8.7006454987869954 -13.635028121122334 1.4471428690634982 8.6464096963642838 -13.683866075119202 1.4506516784034205 8.6150131607413449 -13.712205744278172 1.4530213724024315 8.5620559978138591 -13.761145864890587 1.4566130374759267 8.5176875093931432 -13.809505850520658 1.4605968951926722 8.5053994594256928 -13.836363156480965 1.4626756449294953 8.541831952397013 -13.879293092629993 1.4666668245711099 8.8285659622198267 -13.898729353705308 1.4703480171940728 9.1944322664011651 -13.887940801887376 1.4725414800144374 10.113243420563014 -13.789672708239383 1.4755955735994932 11.022091400908574 -13.570586896120815 1.4773242138852047 7.8039820926369154
