BS2026_GAUSS_FIXTURE_V1 canonical-g3-n64-nonsolution 64 3 6 nonsolution f47a6f789fa463abdfdb8d0b158a78bd228bbe85881199d601d086f49396ba6a
30000 225 0.10000000000000001 1 10000000000 100
-4.6051701859880909 -1.3862943611198906 0.037
0.29955882827377411 0.40455439185938541 8.289799046039942
0 0.015625 0.03125 0.046875 0.0625 0.078125 0.09375 0.109375 0.125 0.140625 0.15625 0.171875 0.1875 0.203125 0.21875 0.234375 0.25 0.265625 0.28125 0.296875 0.3125 0.328125 0.34375 0.359375 0.375 0.390625 0.40625 0.421875 0.4375 0.453125 0.46875 0.484375 0.5 0.515625 0.53125 0.546875 0.5625 0.578125 0.59375 0.609375 0.625 0.640625 0.65625 0.671875 0.6875 0.703125 0.71875 0.734375 0.75 0.765625 0.78125 0.796875 0.8125 0.828125 0.84375 0.859375 0.875 0.890625 0.90625 0.921875 0.9375 0.953125 0.96875 0.984375 1
11.307218322294624 -13.434567074835771 1.4773747110928339
11.543676978955943 -13.269486082822382 1.4768918805260207
11.690217735373164 -13.102866484662041 1.4758673602592194
11.743367564445752 -13.007687421487166 1.4750612975548463
11.795384029098622 -12.851520559647476 1.4733837699767116
11.817817818592792 -12.710106981171956 1.471422379767096
11.823810276226748 -12.635342406111661 1.470180640257541
11.825489509047783 -12.515314811258175 1.4678995431793336
11.822141024430975 -12.406947535933856 1.4654671369016588
11.818529735221015 -12.348769742297499 1.4639911712781659
11.81058835308899 -12.256389789841757 1.4613674532079572
11.80186820325126 -12.172561193038801 1.4586531819665762
11.796720528169411 -12.127305714867795 1.457038360602072
11.7870673178204 -12.055065226436259 1.4542085059518377
11.776852955859349 -11.989186320492026 1.4513231591117817
11.770660188034505 -11.953556321864015 1.4496230659231732
11.759610687171321 -11.896618866923067 1.4466741194881525
11.748066529117141 -11.844623892396363 1.4437002606395248
11.741127076649693 -11.816463752514858 1.4419621577872355
11.728824860798284 -11.771473563728691 1.4389693818369194
11.716058762510439 -11.730466738884337 1.4359766028847056
11.70842044870831 -11.708326375966786 1.4342379717070153
11.694946071049735 -11.673061447681745 1.4312613446388291
11.681040146824444 -11.641072241240492 1.4283051402911022
11.672753280283276 -11.623871148001619 1.4265967709161607
11.658189780740267 -11.596622397332993 1.4236862917878799
11.643226524473244 -11.57212034116761 1.4208123647887005
11.634338888246601 -11.559060683899098 1.4191585255475938
11.618768174300531 -11.538573070940176 1.4163523598436705
11.602829250021287 -11.520413948535097 1.4135953079661587
11.593388181675865 -11.510861394489501 1.4120149520851182
11.576890963905967 -11.496110455325072 1.4093434612448896
11.560055941287294 -11.483354570489393 1.406730396570306
11.550107132170304 -11.47680693192598 1.4052375438169664
11.532760879636028 -11.466989266595874 1.4027221943094155
11.51510611905109 -11.458891136224295 1.4002719532162522
11.504693546993321 -11.454931949123866 1.3988767139813383
11.486572875591127 -11.449366445380289 1.3965332849119845
11.468171365011699 -11.445291781001609 1.394259343301625
11.457336609966392 -11.443576859597117 1.3929683193826208
11.438511455115464 -11.441706973003036 1.3908063489878648
11.419431555061658 -11.44113359629552 1.3887164486580423
11.408213805478725 -11.441369751210866 1.3875335773384523
11.388750372177178 -11.442712329884943 1.3855587573757788
11.369056426683036 -11.445186070753614 1.3836570720832868
11.357492101609454 -11.44712455777084 1.3825839694448143
11.337451266231799 -11.45127472475663 1.3807979284894307
11.317202393972126 -11.45641312004393 1.3790849540632457
11.305325261095309 -11.45983851954359 1.3781215599170067
11.284763863767969 -11.466439670602291 1.3765235252334065
11.264015009350507 -11.473905610349281 1.3749975672202348
11.251855999798309 -11.478632267739869 1.3741424056832501
11.230825483531923 -11.487381023340681 1.3727291762118916
11.209626338608945 -11.4968867663047 1.3713863850295884
11.19721375087083 -11.502752309952369 1.3706370234303666
11.175761600144568 -11.513379171571888 1.3694040406749937
11.154157851859955 -11.524669115733547 1.3682393561056729
11.141517285418134 -11.531532331217544 1.367592586246511
11.119685892833518 -11.543806022576554 1.36653400304599
11.097718302740722 -11.556660315465951 1.3655412583388453
11.084872910453035 -11.564397012635226 1.3649934031246895
11.062701016660764 -11.578111107285196 1.3641027183353374
11.040406702122553 -11.592333621091564 1.3632751877658038
11.027377193427679 -11.60083526042308 1.3628222184179117
11.004898959432701 -11.615811795235727 1.3620923868313857
10.982310629435835 -11.63123316790595 1.3614229151447208
10.969115538746619 -11.640404035585345 1.3610606442787874
10.946361894483328 -11.656483806831112 1.3604844115543147
10.923509063279665 -11.672952662270095 1.35996569159006
10.910164790466405 -11.682708926041656 1.3596898437032385
10.887162685583361 -11.699754430544122 1.3592598679085248
10.864071051171669 -11.717139868692122 1.3588845725171259
10.850592123069177 -11.727407546737238 1.3586908979970482
10.827365733958793 -11.745295708217151 1.3583998909284194
10.804058270049049 -11.763480699445909 1.3581607782317462
10.790457397816423 -11.774194981319317 1.3580450920938012
10.767027529090591 -11.792819518840131 1.3578859376523971
10.743523987155099 -11.811702914825537 1.3577759745740843
10.72981230713053 -11.822806648894407 1.3577342183037635
10.706197437279005 -11.842072508485701 1.3576999961798337
10.682515294700673 -11.861563974490918 1.3577123604799755
10.66870243039383 -11.873007163706228 1.3577406203953937
10.644918238145689 -11.892832414953018 1.3578247146383093
10.621072304229919 -11.912854041560987 1.3579529057013771
10.607166579789629 -11.924592689992888 1.3580474419600164
10.583226828099594 -11.944904204634632 1.358243498200832
10.559230046148377 -11.965386570655072 1.3584812819962693
10.545238546140709 -11.977382300760427 1.358638534566424
10.521154710757271 -11.998117266157211 1.358940556433351
10.497017849954648 -12.01900072423232 1.3592820625311401
10.482946603471175 -12.031219882984955 1.3594986604845396
10.45872860617261 -12.05232241889129 1.3599009331658041
10.434460926610416 -12.073554011974297 1.3603405719417148
10.42031496141062 -12.0859673758694 1.3606133323356639
10.395970881504066 -12.107389738684166 1.3611105066442442
10.371579896148688 -12.128924221402666 1.3616430530837891
10.357363394330324 -12.14150629601232 1.3619689790696115
10.332900067533158 -12.163206215221496 1.3625559814244068
10.308392084747556 -12.185003626536075 1.3631764823333579
10.294108429906521 -12.197732416607053 1.3635527583185771
10.269531226732624 -12.219674049895135 1.3642248632652889
10.244911168960455 -12.241700521021766 1.3649287091014883
10.230563075891078 -12.254556977197725 1.3653526930207365
10.205876384381831 -12.276708806395634 1.3661054313119274
10.181148224620349 -12.298934644281843 1.3668882635886319
10.166737779331335 -12.311902482409964 1.3673574804026032
10.14194483714949 -12.334238067794114 1.368186701184851
10.11711146325147 -12.356638390720248 1.3690444737857592
10.102640229823882 -12.369703652202757 1.3695566051500205
10.077743508698555 -12.392199967633589 1.3704583884904118
10.052807070065823 -12.414753189974824 1.3713872806771277
10.038276123986742 -12.427904098776787 1.3719401579796557
10.013277204775465 -12.450542123931635 1.3729108680288475
9.9882390131638292 -12.473230452553786 1.3739073366855163
9.9736490285920905 -12.486457064247487 1.3744989299946251
9.9485489038367199 -12.509220467017029 1.375535135036291
9.9234097052579351 -12.532028703461327 1.3765958357854202
9.9087609824187641 -12.545322791413076 1.3772242470891891
9.8835599656661142 -12.568198389158175 1.3783227649413379
9.8583198702619015 -12.591114313498489 1.3794445966541942
9.8436124061957262 -12.604469087740503 1.3801080491238895
9.8183103671099587 -12.627445805834482 1.3812658758540022
9.7929690594919894 -12.650459231325621 1.3824459106773883
9.7782025703374398 -12.663869247516619 1.3831427424430229
9.752798871233475 -12.686938474651777 1.3843570911579914
9.7273555633875475 -12.710041540578956 1.3855926124780433
9.712529541371584 -12.723502474255488 1.3863212667302822
9.6870232172739072 -12.746657241603394 1.3875895050083675
9.6614768086968397 -12.769843669620617 1.3888779462443404
9.6465905401106582 -12.783352243067585 1.3896369656856726
9.6209802568054794 -12.806587493868491 1.3909566487709839
9.5953293055443076 -12.82985280729506 1.3922956258245729
9.5803819163670099 -12.84340660800766 1.3930836438295642
9.554666105843646 -12.866718553647278 1.3944524602569921
9.52890894800219 -12.890059495506224 1.3958397184431692
9.5138994182993724 -12.903656917248073 1.3966554542139336
9.4880762537199512 -12.927043237568979 1.3980712542883111
9.4622109886694865 -12.950457930545941 1.3995046961545208
9.4471381888803716 -12.964098027319135 1.4003469469866421
9.4212056840862406 -12.987557368976052 1.401807695810299
9.3952302613072618 -13.011044863442084 1.4032853353613752
9.3800929637012906 -13.024727301864976 1.4041529724728647
9.3540489613826825 -13.048259422779221 1.4056567744624522
9.3279611766431962 -13.071819809040365 1.4071767611002475
9.3127580839736286 -13.085544750993696 1.4080687229574229
9.2866003264075143 -13.109150133349569 1.4096137813955207
9.2603978825170863 -13.132784194335745 1.4111743605381251
9.2451276370779123 -13.146552258435909 1.4120896492983386
9.2188537645462816 -13.170232208278653 1.4136742875264634
9.192534276009642 -13.193941493623358 1.415273821300864
9.1771954822163639 -13.207753661124196 1.4162114971068736
9.1508030809546526 -13.231510013794733 1.4178341237327787
9.124364114205914 -13.255296576846936 1.4194710571166955
9.1089553457941452 -13.269154160483073 1.4204302350823692
9.0824419558236276 -13.292989344296858 1.4220893623864628
9.0558810431680961 -13.316855785621279 1.4237622411827793
9.040400865545001 -13.330760353925722 1.4247420865432483
9.0137640135532404 -13.354677169783713 1.4264363005318976
8.9870786824159605 -13.378626441929802 1.4281437422311152
8.9715256607500731 -13.392579794537783 1.4291434678022663
8.9447629255899805 -13.416581447575718 1.4308714442591768
8.917950812981168 -13.440616865892512 1.4326121536904837
8.9023236954925178 -13.454620954651388 1.4336310156646026
8.8754328215193965 -13.478710882697678 1.4353914942604649
8.8484918589110304 -13.502835981710334 1.4371642384449266
8.8327896522955669 -13.516892909766904 1.4382015343601129
8.8057704439196254 -13.541074666026176 1.4399933321413205
8.7787024034245515 -13.565292879187913 1.4417969524887519
8.762930859984758 -13.579404121774987 1.4428520142492161
8.7357885822777614 -13.603680854545562 1.4446740010639707
8.7086051821996175 -13.627995369809335 1.4465073913156452
8.6927788973933904 -13.642162602022866 1.4475795876107502
8.665597881187816 -13.666532049052032 1.4494306775121941
8.6384610011198859 -13.690933160049326 1.4512927404292932
8.6228735479422074 -13.705127656596597 1.4523813436278916
8.5959514038095346 -13.729565816226726 1.4542603962069527
8.5694202795505579 -13.754030625739805 1.4561500211107319
8.5547225018380644 -13.768231252496756 1.4572543746958413
8.5317122697234069 -13.792481056965793 1.459159415087206
8.5127622400539291 -13.816432395429288 1.4610733718969278
8.5069365372332459 -13.829780187491657 1.4621890748969391
8.5042982890253818 -13.852588179685961 1.4641145959786344
8.5265882056791185 -13.873843389210737 1.4660447188927632
8.5625606231911888 -13.884182838314162 1.4671638438088497
8.6836911197234787 -13.896197807858895 1.4690687531396238
8.9048508136569797 -13.898083758772517 1.4709371848347967
9.0878098657753856 -13.893133832003318 1.4719909931421984
9.4920770437006787 -13.865827489533274 1.4737092820286297
9.9690399255992155 -13.811125124411079 1.4752312246048287
10.257047762900875 -13.765794310009165 1.475977827081284
10.73022490282772 -13.66320069274806 1.4769377905604948
11.125920285000863 -13.527457474569371 1.4773836287431068
47.79064818962074 26.804500910759334 -0.029529754309116248
31.001231699577716 27.580091870412502 -0.12729297514101157
18.073269615000104 27.313001901353726 -0.20855526358843737
12.326959700685302 26.677560352626497 -0.24825280923721868
5.5077756136468308 24.760960730740042 -0.30341080585448421
2.5500459320737487 21.801680180141606 -0.34206787008727996
0.78354127229616277 20.86397736810807 -0.36314726297600486
-0.18324179779692051 18.837654327885986 -0.39009489096048777
-0.8780920850332683 17.010304975752216 -0.41315413313408161
-1.15730298452257 16.03840547575826 -0.42478433770523882
-1.421958628421004 14.525830289069168 -0.44169219669692
-1.4146814894627016 13.212228790468359 -0.45471166987771122
-1.5473839054748453 12.493436209842537 -0.46238847491948681
-1.6422405098019888 11.396790680940354 -0.47253696171139148
-1.7328414711823177 10.39096768471396 -0.4807283428255435
-1.7836111396301451 9.8474000198366038 -0.4845946821153812
-1.8674797211170109 8.9852572619435467 -0.48968994377614988
-1.9470926596570612 8.2139370367262661 -0.49282809975916542
-1.9938903340223915 7.7787231600994158 -0.49411211691423995
-2.0715803970920028 7.0978385187322246 -0.49476623608504305
-2.1472009644997976 6.4622429716384184 -0.49411310902502098
-2.1902586028503634 6.1131822539131209 -0.49313120554191903
-2.2626052510978001 5.5492335511363509 -0.49041002945847018
-2.3328824036834184 5.0305739426329579 -0.4863816071441957
-2.3728764770061814 4.7386457836091154 -0.48370087416744878
-2.439944676591034 4.2713794356525545 -0.47806270822417807
-2.5049939071621319 3.8308781404576773 -0.47162059365306458
-2.5419224047840938 3.586832569026658 -0.46750125675595905
-2.6037776487910955 3.1886732901410073 -0.4597873043814607
-2.6636139237843417 2.8172790640170362 -0.45126940337911914
-2.6975848535775877 2.6082691202085462 -0.44614144821940849
-2.754343686736449 2.2697751802531143 -0.43670051467407617
-2.8092275248160954 1.9489144799920664 -0.42683191720921365
-2.8403061552685021 1.770294576471467 -0.42089162797119722
-2.8922237719500172 1.4773294656333904 -0.41034647093378884
-2.9422663935523152 1.2019975944896963 -0.39937364997684988
-2.9706312041566467 1.0470086855406917 -0.39293151323237963
-3.0178741241421783 0.7944329781966819 -0.38153154237366488
-3.063447029768855 0.55429435746602185 -0.3699662847348556
-3.0892011637805035 0.42026175900897045 -0.3631593434255812
-3.1321321252328542 0.199798471217523 -0.35133260393576365
-3.1733930723263475 -0.0082277299605748554 -0.33934057766585107
-3.1967543654449853 -0.12534748707751625 -0.33237775264025327
-3.2355650903920079 -0.31684285822746383 -0.32029026611734018
-3.2729373954620984 -0.49919046022013408 -0.30820714061733367
-3.2940254855139859 -0.60110356464665737 -0.30117690332641239
-3.3291222263088671 -0.76897949739588134 -0.28910067691622526
-3.3627805472268126 -0.92770766098782742 -0.27702881152894421
-3.3818251141417868 -1.0170705646823657 -0.27006108923910005
-3.4134044000431132 -1.1634241937614509 -0.25809818661513656
-3.4437786661986309 -1.3028785380351948 -0.24624014039905623
-3.4609014210455205 -1.3808633324353812 -0.23938715980161129
-3.4893693593419353 -1.5094030847465805 -0.22769499525863091
-3.5166322778925392 -1.6310435522524378 -0.21610768712353351
-3.5320556829288723 -1.6995141865615262 -0.20944257675251957
-3.557599570137604 -1.8117261717000235 -0.19807777646819982
-3.5821578541353047 -1.9186593720863847 -0.18687039651514578
-3.595996780337412 -1.9784632189896678 -0.1804202942601939
-3.618995850997949 -2.0770454405060073 -0.16946195152343843
-3.641009318447451 -2.1703488772702091 -0.15866102911794852
-3.6534675747922498 -2.2228531232179112 -0.15246089116410769
-3.6740916630394453 -2.3089026122737435 -0.14193540928391379
-3.6939269676672293 -2.390882898205017 -0.13158876388095711
-3.7051077782095256 -2.4367212568225636 -0.12564945850035433
-3.7236952359088926 -2.5122641085892274 -0.11558573041884972
-3.7414939099888431 -2.5837377572313307 -0.1057008388145821
-3.7515768280437869 -2.6239425139856065 -0.10003323328576839
-3.7682762382632324 -2.689810439803741 -0.090438770130656904
-3.7843575741323354 -2.7525327305702492 -0.081025577817376765
-3.7934322025454419 -2.7875883143648235 -0.075630652430985934
-3.8085357516544924 -2.8453342454041621 -0.066504228576918289
-3.8230212264131973 -2.8999345413918713 -0.057559075564681907
-3.8312412479292308 -2.9306349878136291 -0.052433495638792342
-3.8448754896357094 -2.9809003803307701 -0.043771595052322594
-3.8580360296013265 -3.0287356106558101 -0.035282687033176302
-3.8654772491557403 -3.0554564584791333 -0.03042187394051564
-3.8778883982266028 -3.0994471991972161 -0.022206638242220186
-3.8898258455566013 -3.1410077777231948 -0.014164395111248161
-3.8966169195913594 -3.1643670561758754 -0.0095573649196939604
-3.9079105492435033 -3.2025832982443894 -0.0017794172918682322
-3.9188501911081102 -3.2389287529372073 0.0058391956851237955
-3.9250539829421904 -3.2592201870976676 0.010199794147406309
-3.935433620057073 -3.2926060769326053 0.017566341475796898
-3.9454592693844135 -3.324121179391843 0.024773554153353774
-3.9511815919340982 -3.3418293897108953 0.028902222150653165
-3.9607338429541956 -3.3707775953492503 0.035869373807040653
-3.9700297840864622 -3.3982948441639 0.04269295274284312
-3.9753219263634283 -3.4136508365076197 0.046598106224428393
-3.9842123880988352 -3.438904327514408 0.053194554710285551
-3.9928465399464077 -3.4627268616974884 0.059647430475557671
-3.9977942407949163 -3.4761123559907716 0.063344609373468794
-4.0060929582659615 -3.4979806973521694 0.069583062068507132
-4.0142139595895809 -3.5187650532455121 0.075693901087916141
-4.0188584805701 -3.5303623049202719 0.079191594597515486
-4.0266983369215898 -3.5494318078381304 0.085100550198913411
-4.0343604771256514 -3.5674173252879307 0.090881892124681965
-4.0387703736920626 -3.5775277195715032 0.094195278540315244
-4.0462072992237657 -3.5940429622699379 0.099787069084056504
-4.0535289357849384 -3.6097483318898749 0.10526636908903124
-4.0577369736987636 -3.6185158575781067 0.10840347583976959
-4.0648762243885583 -3.632940016979501 0.11370481706134507
-4.0719001861078201 -3.6465543033023948 0.11889366774415391
-4.0759604861907643 -3.6542170790290918 0.12186858794881046
-4.0828461716240847 -3.6667434908476446 0.12689088682264721
-4.0896655187496052 -3.6786765493020788 0.13181448701787174
-4.0936037642255227 -3.6853483066219064 0.13463453173165291
-4.1003181648846319 -3.696342686642029 0.13940199171311785
-4.1069662272359393 -3.7067437132980317 0.14407075301597053
-4.1108245810207675 -3.7126124174909023 0.14674861587722082
-4.1174020348881477 -3.7222274403648812 0.15127148689533695
-4.1239510019044934 -3.7314198428802619 0.15570794262717982
-4.1277493140764081 -3.7365751658086643 0.15825012933131316
-4.1342532152106966 -3.7450989876089009 0.1625498770397
-4.1407286294939487 -3.753200189050538 0.16676320946181344
-4.1444992616818528 -3.7577901334112846 0.16918093707610093
-4.150955950588429 -3.7653430031859836 0.1732666054334657
-4.1574129484965781 -3.7726074198698685 0.17727663559846069
-4.161170991838989 -3.7767024403498555 0.17957560859213031
-4.1676284785841986 -3.7835105274466345 0.18346597997657166
-4.1740862743309792 -3.7900301614525977 0.18728071316864311
-4.1778561247369339 -3.793746289363825 0.18947072476700619
-4.1843342565310957 -3.7999038826116265 0.19317368760606801
-4.1908341617500007 -3.8058778851302635 0.19681037920098443
-4.1946270578178222 -3.809270172279771 0.19889638536636486
-4.2011614083529345 -3.814953736303194 0.20242823658882172
-4.2077175323127864 -3.8204537095974511 0.20589381656713299
-4.2115514423896805 -3.8236125303222992 0.2078843040222465
-4.2181566227064868 -3.8288955075053379 0.21125187571928028
-4.2247991455257292 -3.8340762098945951 0.21456127208128903
-4.2286822106782438 -3.8370442389662474 0.21646052300658117
-4.2353838089217435 -3.8420631437672546 0.21967788663447363
-4.2421227496676748 -3.8469797737744771 0.22283707492734089
-4.2460677858348586 -3.8498267524699759 0.22465241308711817
-4.252876217180301 -3.8546382531426384 0.22772546267425325
-4.2597328503148377 -3.8594098457658785 0.23074731437868806
-4.2637455243661631 -3.8621684880258242 0.23248242957583271
-4.2706784121958883 -3.8668769465579587 0.23542328679826169
-4.2776595018147043 -3.871545497040668 0.23831294613799017
-4.2817485265429216 -3.8742689339173446 0.23997414717473659
-4.2888129452539232 -3.8789175081048519 0.24278788863225562
-4.2959326878708994 -3.8835732847103133 0.24555644102020799
-4.3001017673862387 -3.8862862106368117 0.24714690498447145
-4.3073090318082325 -3.8909533813875132 0.24984396876608242
-4.3145716201361983 -3.8956277545561671 0.25249584347812648
-4.3188262217856837 -3.8983699307610489 0.25402100503536501
-4.3261807659712828 -3.9030879767901157 0.25660576444865379
-4.3335948097213883 -3.9078480626053587 0.25915051373516779
-4.3379370914930728 -3.9106377327158679 0.260613110905422
-4.3454452628936338 -3.915464325006099 0.26309456461559205
-4.3530129338586967 -3.9203329570825041 0.26553600819898709
-4.3574457802298472 -3.9231991326534468 0.26694072953983694
-4.3651099704071123 -3.9281578082096571 0.26932265102716257
-4.3728354212555089 -3.9331835000197639 0.27166903550400301
-4.3773597492264056 -3.9361392477869779 0.27301824575640449
-4.3851821137763869 -3.9412709585667014 0.27530841107720821
-4.3930657389974961 -3.9464696856003165 0.27756303938752652
-4.3976812309104014 -3.9495352608451824 0.27886079332241148
-4.4056635325992648 -3.9548566867736556 0.28106246819681668
-4.4137033256929277 -3.9602618881110416 0.2832324799562263
-4.4184088621788691 -3.9634462212864134 0.28448082659300483
-4.4265396060366298 -3.9689839543905845 0.28660074765603222
-4.4347278412991864 -3.9746054629036651 0.2886890056040638
-4.4394787234023791 -3.9779167922844825 0.28989143730146977
-4.4477959431235359 -3.9836875491879362 0.29193246928690175
-4.4560327458135882 -3.9895406060017415 0.29394514784031034
-4.4607894535506274 -3.9929849068463166 0.29510345191050635
-4.4688990373903028 -3.9989681612045618 0.2970712756492489
-4.4769282041988667 -4.0050337154731537 0.29901074595596777
-4.4799712918886758 -4.0084120309234113 0.30012700668939463
-4.4894949245370324 -4.0148512783146142 0.30202516721110584
-4.4935620126228875 -4.020898940101449 0.30389578077190577
-4.4934170925147967 -4.0242383456891231 0.30497177585265028
-4.4888519876842201 -4.0296665233974416 0.3067988104271297
-4.4788303382911385 -4.0347031155013919 0.30859829804069755
-4.4028429360521883 -4.0292019216543657 0.30959949539791237
-4.4556418040949781 -4.044009451007736 0.31139953240422796
-4.2736129875628164 -4.0380095634976199 0.31309359140342513
-4.0595713157503228 -4.0249390014954249 0.31403072795840725
-3.50604770940163 -3.9860220115222145 0.31555713092696724
-2.717696418477983 -3.9262976046855149 0.31697755588840854
-0.89346384139379553 -3.7142957507352459 0.31693055735342829
0.82261479138664995 -3.7321421742798391 0.31900554066663894
7.3451595067020294 -3.2011094962829918 0.31845143802562165
13.353864713493568 -2.6393778861659478 0.31691865675530811
27.480185407452982 -1.2400245634763656 0.31220536932420345
46.412972183947296 0.70820786075465814 0.30486299593887045
57.593885493113248 2.3714828383140523 0.29338614369058219
74.412332303754781 6.7144868184751036 0.27110937569723587
81.619421563871654 11.425719807623999 0.22849475257641766
81.389279171700068 14.33711932025748 0.19433098370406543
73.39130749725723 19.63088651335211 0.11954209957320126
55.781978272289692 25.292882715434569 0.024415360314865135
11.217318397926451 -13.489118791886455 1.4788104695489184 11.723041642232015 -13.060005057838055 1.4739270648459653 11.827794960614966 -12.67138277281288 1.472516369903843 11.825234830003716 -12.377168021403131 1.4627708762910288 11.804010764032897 -12.144764267454647 1.4596075044031349 11.779289491397574 -11.96810510029081 1.4482091461350921 11.748433883341667 -11.824502551759323 1.4444647248132425 11.717987237713221 -11.71487750072211 1.432687260721583 11.679932887117106 -11.626628934399172 1.4288035798696566 11.64455833800927 -11.560491107211684 1.4175816814507272 11.600375328805544 -11.510563856967096 1.4137489718513132 11.560693612821979 -11.474795806707705 1.4037660582825875 11.5114790578355 -11.45290898741171 1.4000092092460119 11.468010374665544 -11.439229963559219 1.3917293318043085 11.414833886538668 -11.438446525400815 1.3879825427027153 11.367989907189921 -11.441234363869386 1.381680897358889 11.311846999841821 -11.456520090676634 1.3778512848601205 11.261940741765139 -11.471802842859653 1.3736417122395648 11.2037189062114 -11.499327384776674 1.3696575995757483 11.150986640790617 -11.524244589699064 1.3675165109263552 11.091441867525726 -11.561005385565322 1.3633590304714098 11.036070981350987 -11.593482066257959 1.3631469561074983 10.975812944689851 -11.637085503924361 1.3588658948691239 10.917970568638646 -11.675613425943144 1.3603484750357082 10.857455344286896 -11.724139914503979 1.3560645278366823 10.797313761832845 -11.767619212463256 1.3589344550265183 10.736843479141509 -11.819536184942899 1.3548305608363949 10.674599562783371 -11.867155200523893 1.3587312186774032 10.614328666220272 -11.921258504287241 1.3550357980399299 10.550215741277848 -11.972400814816819 1.3595864944554306 10.490163544363906 -12.027772817138077 1.3565513879425595 10.42445509367211 -12.081945656884267 1.3613733581307108 10.364524111214777 -12.137922561729896 1.3592491685573573 10.297529597848602 -12.194703311453351 1.3639910189116826 10.237528821588029 -12.250846685485808 1.3630023956794648 10.169582614738111 -12.309845219814745 1.3673633981866151 10.109254537198467 -12.365914440340527 1.3676865576904385 10.0406994734898 -12.42674953126083 1.3714361754387154 9.9797493374858561 -12.482673178113098 1.3731806143605654 9.9109168295740329 -12.544961190576164 1.376172814128398 9.8490423427360767 -12.600806466927436 1.3793687414421267 9.7802311530374588 -12.664160438508286 1.3815499901696335 9.7171507961271715 -12.720100580265289 1.3861424917974678 9.6486066246125919 -12.784137570025864 1.3875527949177737 9.5840847195353884 -12.840417902709243 1.3934031780122784 9.5159826166705024 -12.904772305946363 1.3941700500916132 9.4498495081483256 -12.961676127356654 1.4010642270269102 9.3822808325812321 -13.026016539096913 1.4013900384563538 9.314446864311849 -13.083832338056327 1.4090532441055328 9.2474120847886372 -13.147879546069882 1.4091969125100947 9.1778744916746522 -13.206871209083442 1.4173135433529958 9.1112826189060439 -13.270415026686342 1.4175679899560913 9.04012498314043 -13.330796640495363 1.4258049477659889 8.9737998883447645 -13.393709551523923 1.4264720792722463 8.9011845929978595 -13.455626178756312 1.4345037263339209 8.8348792420728302 -13.517872050608631 1.4358689032066352 8.7610420556278772 -13.581386860392655 1.4434016083203212 8.694511732026708 -13.643019539853212 1.4457095864972973 8.620090654424617 -13.708082353815616 1.4525037666242342 8.5553836456795089 -13.769068275050193 1.4559373103726809 8.4964031785100964 -13.834372900570706 1.4618208573331275 8.5335305295989343 -13.887110664433745 1.4664563400404418 8.9718009771411236 -13.908896031288345 1.4711630010082741 10.102702831502565 -13.8003394661432 1.4761081916291696 11.304836797852602 -13.446541192406821 1.4766125706297006 11.54666348021833 -13.274974633351791 1.4779573114071012 11.693425845740862 -13.108515717332423 1.4746254515532393 11.748296042218961 -13.008468176363156 1.4765529042245411 11.801315082955641 -12.856304236743085 1.4717376712002208 11.824374259811698 -12.710217977283474 1.4731952863921274 11.829835844952406 -12.637037471581944 1.4682430370929045 11.830500467908232 -12.513046086694231 1.4698023682246433 11.827606002925007 -12.406395022069772 1.4633709095223484 11.822184536547304 -12.345792908400758 1.4658656920557265 11.816911718366432 -12.254283059889245 1.4592868187819998 11.80557297498377 -12.168925549963047 1.4603278918911475 11.803323708530161 -12.123848418788677 1.4551193082642111 11.790203154255831 -12.051364326123517 1.4555418395400488 11.783617269407408 -11.984519409317199 1.4496869953370262 11.773537904544293 -11.949966829219234 1.4504902089255343 11.766408019181815 -11.891000416079081 1.4454444155492865 11.750823862059756 -11.841057012622388 1.4439950808868256 11.747783013398653 -11.810125954956888 1.4412108968326602 11.731623015098169 -11.768091876214486 1.4386545499115106 11.722382936131021 -11.723597746603394 1.435719773859359 11.711400112340893 -11.705080124882404 1.4333068660552886 11.700816051689724 -11.665897714161019 1.4315006663805498 11.684287979959594 -11.637836481527293 1.4267836542630419 11.678050551707639 -11.616642687528939 1.4272751196969256 11.661819097146923 -11.593338482314053 1.4216690490617896 11.647836914371242 -11.565055336326536 1.421821364038234 11.638396047436622 -11.555619394667357 1.4167623161018079 11.62268552220837 -11.531845365719423 1.4175792799288549 11.607281401705253 -11.516726286520743 1.4109527842392233 11.596620166097273 -11.504637616592676 1.4133123227982158 11.581731100916773 -11.492088513969506 1.4066252383596358 11.562616933509947 -11.477800701678669 1.4079316667359554 11.555252828185168 -11.472402723525303 1.4026052402800346 11.534780068323604 -11.462143285304041 1.4036861956259923 11.520400413680536 -11.454133185492964 1.3978688953203608 11.506295221699149 -11.450827210464137 1.3994668406051003 11.491910518289208 -11.444247954290466 1.3944989007449367 11.469460844966607 -11.441967192568645 1.3943584522035155 11.462558911225694 -11.438169366398412 1.3914006564515584 11.439685469565744 -11.439043951922693 1.3903497042731361 11.424335611435946 -11.435598735048309 1.3876678936849649 11.409425782541486 -11.439268410659707 1.3864897392716984 11.393225983962974 -11.437134109611751 1.3850507897118929 11.370402019544882 -11.443579738593263 1.3820340796262867 11.361409765749716 -11.441660067798857 1.3825861028329429 11.339084911780397 -11.44995068553821 1.3786591654288936 11.320421918790053 -11.451288363061547 1.3795203264654632 11.307323347964161 -11.458643904639287 1.3755637281556181 11.287269959728928 -11.461753566082452 1.3772876929710152 11.266368973509749 -11.472761377906536 1.3721461243312802 11.253634909085376 -11.474528777262506 1.3750986938169205 11.233569035364861 -11.486092917976341 1.369738676723361 11.210666450874237 -11.493546054235999 1.3723794450122988 11.200293254449447 -11.501224823126925 1.3676681461240057 11.176180039498101 -11.510815792191179 1.3702795460582329 11.157436764287656 -11.522911568131329 1.3654486689149115 11.14142468742825 -11.52978320558004 1.3682020016003238 11.123082442861753 -11.541734811181577 1.3640667159930469 11.097210327151437 -11.555780811203423 1.3657558429962637 11.088239416509085 -11.562041718230281 1.3629663577254378 11.061975995647478 -11.577982296410543 1.3638267008746239 11.043542116424536 -11.589830963624824 1.3617695824679996 11.026594811866248 -11.601363157294507 1.3619973710254145 11.007690603386486 -11.613201873308023 1.3611484316867479 10.981580005772354 -11.63235303218787 1.3600349142895347 10.971421986125902 -11.637821970097921 1.3606730928002335 10.945856779286276 -11.65798140485621 1.3585633693315535 10.925172507425795 -11.670612873092159 1.360085839655824 10.909985588533242 -11.684422730066778 1.3573084305851038 10.888145414051195 -11.697748338730616 1.3597973288484855 10.864237848754572 -11.718969494946732 1.3561535726203084 10.850855282129409 -11.72588313552702 1.3595228171793754 10.8279387289013 -11.747033547255878 1.3554559852436396 10.803566165850347 -11.762625149211406 1.3591428348000028 10.791409850085259 -11.775720172983048 1.3550433062201965 10.765872275161573 -11.792668622408941 1.3588592279245197 10.744745415772639 -11.812985962034324 1.3548783686501786 10.728084391658891 -11.823418992419896 1.358542471344955 10.707622476976848 -11.843010374543606 1.3550571916353813 10.680297530155203 -11.863010541754498 1.3582153152022685 10.670195789621731 -11.873599655645359 1.3554853302875605 10.642398907504802 -11.895025563351879 1.3579027423955381 10.622440523690308 -11.913198678516661 1.3561901629857667 10.604504451963697 -11.927459639552493 1.3576175933070997 10.584351919508165 -11.945030864971374 1.3570350373487847 10.556542735562102 -11.968869641031938 1.3575046033843603 10.54596900458551 -11.977409217224267 1.3580051042487939 10.518627247870896 -12.002023393236083 1.3574171483540767 10.497181534860756 -12.01912008863337 1.3592023891494618 10.480698560094281 -12.035392028726081 1.3574756952650784 10.458263174350048 -12.052637015111484 1.3603048520567134 10.432537682891571 -12.077878493434765 1.3579090791539916 10.419155989477259 -12.086631120683574 1.3613959281440831 10.394456545090279 -12.111659966210546 1.3583889208180091 10.369666604601324 -12.130125293978388 1.3626734942937708 10.356257415641275 -12.145585340905205 1.3591028959456237 10.33029580393757 -12.165012939469511 1.3636783548543896 10.307609841860767 -12.188830460988509 1.3603274799778244 10.290879891917365 -12.200227509841289 1.3646080696336729 10.269026374349297 -12.223131987726301 1.3615475293690722 10.241123436289266 -12.244970384513223 1.3657679206175541 10.230215520067551 -12.257620045098397 1.362992407075081 10.20170278530194 -12.280705558261074 1.3665909410107098 10.180773963900025 -12.301665571591318 1.3649699432662481 10.162330975555564 -12.316579323343305 1.3673844728109992 10.141425820522215 -12.336654702335832 1.3667940409417934 10.112591376903959 -12.361949769536404 1.3685495638647323 10.101818488690348 -12.371906661197057 1.3687362177931337 10.07330274187899 -12.397981112230655 1.3694136361938685 10.051497308205914 -12.416914585206573 1.371145243530097 10.034049615961289 -12.434008619386859 1.3703663267802313 10.01139687982457 -12.452769636576683 1.373200862128962 9.9842931236176344 -12.479539028991162 1.3718724759219483 9.971109568721916 -12.488907916613275 1.3752373062139642 9.944991533537868 -12.515532101944812 1.3731376063270466 9.9201233105907978 -12.534894258938156 1.3776684875663736 9.9056175699382738 -12.55148937526708 1.3745964408419167 9.8795625605087647 -12.571572441788618 1.3795823814443293 9.8555309520349041 -12.597050041237935 1.376742579276063 9.8389448113031612 -12.608457196226199 1.3813976868437732 9.8158526513776305 -12.633020440304717 1.3786449788778097 9.787673239574131 -12.655168100992451 1.3836116679512172 9.7759744781115234 -12.669032297912938 1.3807571671306036 9.7470316799417027 -12.692355246825473 1.3852481506295038 9.7251846752531517 -12.714824481219885 1.3835833077109052 9.7064331568778677 -12.729608219891084 1.3868141272103662 9.6847977440462518 -12.751060963293478 1.3860606038410113 9.6551666781257328 -12.776613277512276 1.3888864060950314 9.6441505358064532 -12.787457193320378 1.3886598252686182 9.6146545770586833 -12.813882556206101 1.3904261336035477 9.5924785498029177 -12.833811330225744 1.3919032809256064 9.5741872097787493 -12.851095749180443 1.3920080933994481 9.5513073036222984 -12.870635138965596 1.3946243511986585 9.5229274512801538 -12.898027771576951 1.3942621947002967 9.5099224436840952 -12.907687606546677 1.3973317046030747 9.4824400558193851 -12.935094175134832 1.3960676942422889 9.4575006038886578 -12.954797152133786 1.4005910027211428 9.4418980810734929 -12.972076519155399 1.3980329306203303 9.4157725179023224 -12.9923162204019 1.4031699341044019 9.3903505629483242 -13.018848970935148 1.4008069889798418 9.3739509444741884 -13.030030995092906 1.40564078678088 9.3495334448620895 -13.055742353408029 1.4031660688745702 9.3211251941198885 -13.077797437951023 1.4086356485406926 9.3085266696321671 -13.092632768387816 1.4057244288585875 9.2792094314375415 -13.115818582982872 1.4108842568277933 9.2562917208539162 -13.139482406859909 1.4091295001359707 9.2373096713848248 -13.153920690008 1.4130330914401963 9.2147737086027064 -13.176518055360978 1.4120506638897987 9.1843943040200404 -13.202010790689545 1.415783612004482 9.1729842596519902 -13.213684844618349 1.415103271828287 9.1425423118147737 -13.240166446568503 1.4178307848849052 9.119817410122371 -13.261006801718754 1.418937340198043 9.1007279181845231 -13.278284696220197 1.4198811146710288 9.077453544195734 -13.298570747182268 1.4221360223229496 9.0477802242182559 -13.326357659246808 1.4226842034130252 9.0348423179785708 -13.336363072020822 1.4253347631681217 9.0059452472747878 -13.364358553086094 1.4248808302357654 8.9808080342472998 -13.384447365785991 1.4292106680756491 8.9640638272881095 -13.40228254597719 1.4272061197630204 8.9377681069732535 -13.422740045162019 1.4322954949404534 8.91083258177561 -13.45023004656891 1.4304250239310101 8.894591402257948 -13.461258211709692 1.4352727053281471 8.8686916481505396 -13.48807012105657 1.433098962972374 8.8400073513599615 -13.510104164375875 1.4388729100866937 8.8263695157514306 -13.525902847294681 1.4359624969404581 8.7966530537201457 -13.54901457422943 1.4416053192302452 8.7724591148770905 -13.573936164984818 1.4397722413815459 8.7532870141580688 -13.588052847942832 1.4442175186326685 8.729639772490783 -13.61190761364317 1.4429996690508626 8.6985361035541011 -13.63738250866094 1.4475024816956112 8.686581460819701 -13.650004330081288 1.4463699636491614 8.6552765001779033 -13.676568719506095 1.4499531782924135 8.6319678132651347 -13.698508612605139 1.4506314290312852 8.6123094067838721 -13.715741835947211 1.45237303970149 8.5890098664434031 -13.736963055205976 1.4541795838416809 8.5592578297898125 -13.765078729515322 1.455600987997568 8.5475305346225614 -13.775525289215576 1.4577459402215238 8.520997601284666 -13.803854541461247 1.4580954590386568 8.5037466128672055 -13.823966557576842 1.4620907867549604 8.4942592938590842 -13.841689291698009 1.4606850134416007 8.4929413799121214 -13.860698853161308 1.4655621132081851 8.516776090056025 -13.885127074483984 1.4642091791681509 8.5512643584324781 -13.892114122326968 1.4689118991929262 8.6688127391963974 -13.908149863171948 1.4670439987475523 8.8858976501431233 -13.907869468788123 1.4728560367482368 9.0708932171316317 -13.904528198026016 1.46993252633142 9.4751619770499023 -13.876161474494184 1.4756323434877725 9.9572098903858635 -13.824133200192653 1.4732973049163141 10.244495722273788 -13.777939049348122 1.4777450053648831 10.719610943268409 -13.672662491142036 1.475283769182524 11.117069469866882 -13.536364236555027 1.4788697910694117 7.8088641763500295
