BS2026_GAUSS_FIXTURE_V1 canonical-g2-n64-nonsolution 64 2 4 nonsolution f47a6f789fa463abdfdb8d0b158a78bd228bbe85881199d601d086f49396ba6a
30000 225 0.10000000000000001 1 10000000000 100
-4.6051701859880909 -1.3862943611198906 0.037
0.29955882827377411 0.40455439185938541 8.289799046039942
0 0.015625 0.03125 0.046875 0.0625 0.078125 0.09375 0.109375 0.125 0.140625 0.15625 0.171875 0.1875 0.203125 0.21875 0.234375 0.25 0.265625 0.28125 0.296875 0.3125 0.328125 0.34375 0.359375 0.375 0.390625 0.40625 0.421875 0.4375 0.453125 0.46875 0.484375 0.5 0.515625 0.53125 0.546875 0.5625 0.578125 0.59375 0.609375 0.625 0.640625 0.65625 0.671875 0.6875 0.703125 0.71875 0.734375 0.75 0.765625 0.78125 0.796875 0.8125 0.828125 0.84375 0.859375 0.875 0.890625 0.90625 0.921875 0.9375 0.953125 0.96875 0.984375 1
11.33888704688162 -13.699594551163335 1.4780073543616861
11.78376164249083 -13.342560253609099 1.4769880600721834
11.97055062601469 -13.09531490997761 1.4751319928635471
12.03599302368681 -12.776862366795793 1.4710804172367928
12.002921255235604 -12.577638736803296 1.4673790236146504
11.994515208802081 -12.360059870829248 1.4622276347638166
11.986287701925933 -12.22256778452266 1.4581908011465297
11.972215781554196 -12.064511285068464 1.4523133554532333
11.960377277625323 -11.967773647059117 1.4477884314996099
11.943320474991214 -11.849463269210434 1.4415233183248612
11.929887636796382 -11.773432951531765 1.4368751668973314
11.910245242992353 -11.684024638566724 1.4304412942107945
11.894946138081766 -11.628263664909731 1.4256929998510648
11.872950719866987 -11.560798514065253 1.4192849813542343
11.85605118796318 -11.51778319305865 1.4146535230887094
11.831876226392627 -11.467728301409201 1.408408162290991
11.813403821523004 -11.43706486258578 1.4039097102293754
11.787266669301692 -11.401058762755566 1.3979371025013794
11.767479452803476 -11.378950340143799 1.3936912465052627
11.739556924211302 -11.354555106123463 1.3880639599302464
11.718482615451494 -11.34072943302235 1.3840783373026957
11.688970243967342 -11.325981696805338 1.3788484087794308
11.666843241246726 -11.318163347114073 1.3751756635527572
11.63590351707894 -11.311550954743208 1.370371465513494
11.612748662765348 -11.309551563371896 1.367013549298149
11.580549606442419 -11.309795701070094 1.3626502381092933
11.556568551564311 -11.312111383576253 1.3596179234300023
11.52325014754115 -11.318193808139085 1.3556967968504989
11.498463829800926 -11.324690634770167 1.3529887847981505
11.464164893278694 -11.335725175282583 1.3495039015960717
11.438739568612135 -11.345352710997757 1.3471076020209125
11.403575226346396 -11.36062108721088 1.3440456730335009
11.377527799630592 -11.373282123196665 1.34195820738561
11.341608984426893 -11.392148728201612 1.3393027894878637
11.315071837220508 -11.407086832178447 1.3375004415761242
11.278489817968429 -11.429031886206955 1.335231753406082
11.251476141179834 -11.446175634524469 1.3337110785641251
11.214317007483453 -11.470734790877128 1.3318086447762039
11.186929047089247 -11.489530686293532 1.330542147490513
11.149262881472977 -11.516322871192241 1.3289844463462788
11.121510621631202 -11.536718132057771 1.3279686710590843
11.083402401950739 -11.5654011571757 1.32673479989008
11.0553625440999 -11.58698789410194 1.3259424808809606
11.016864447494859 -11.617280931036126 1.3250116962612482
10.98854431936301 -11.640020106242627 1.3244396370231721
10.9497039799924 -11.671670416832793 1.3237924086760626
10.921159354422743 -11.695261135072188 1.3234155093831279
10.882014326454023 -11.728061865299093 1.3230330297126034
10.853250393433729 -11.752475353354654 1.3228484590607337
10.813834417819528 -11.786240339917972 1.3227133165748832
10.784890231261983 -11.81125549683259 1.3226988840105876
10.745229218617215 -11.845833189919318 1.3227945959974994
10.716108285283521 -11.871428974481647 1.3229478543117814
10.676225065710851 -11.906683271179311 1.3232593029065223
10.646953347348754 -11.932698648544051 1.3235610779589038
10.606864745131331 -11.96851968458493 1.3240740941397251
10.577444446631644 -11.994939470219517 1.3245222993754651
10.537164865259378 -12.031229026472012 1.3252239497497182
10.507611869749994 -12.057937659414545 1.3258022268166352
10.467151165874769 -12.094617445361756 1.3266804587700511
10.437466687565127 -12.121604191308659 1.3273870409236452
10.396832856893093 -12.158604759361991 1.3284308744239202
10.36702514457418 -12.185788586199228 1.3292518937454234
10.326222790733546 -12.223055614209382 1.3304511267454904
10.296292317167849 -12.250429172326351 1.3313850911144296
10.25532464102568 -12.287915088358604 1.3327304301310856
10.2252739704644 -12.315423576891773 1.3337656080402212
10.184141687831636 -12.353092249171564 1.3352484276661967
10.153970748622026 -12.380730889054297 1.33638355842845
10.112673538744543 -12.418551355303187 1.3379959919451359
10.082380747539645 -12.446285231587247 1.3392211442976487
10.040916512742275 -12.484235124437232 1.3409558892550406
10.010501407757179 -12.51206140197497 1.3422699954332491
9.9688673017695439 -12.550122317036767 1.3441203778921575
9.938325352755081 -12.578021079243385 1.3455150080738871
9.8965173022730255 -12.616180999998356 1.3474748261292326
9.8658477772093374 -12.6441508703808 1.3489490724300561
9.8238611841933903 -12.682400813347565 1.351012642916664
9.7930575370640582 -12.710433086788452 1.352559320994382
9.7508870010642479 -12.748768739113855 1.354721353599053
9.7199483221595724 -12.776863120164748 1.3563396877431286
9.677588090516867 -12.815282478799123 1.3585953199998757
9.6465065352097685 -12.84343852669833 1.3602791569040413
9.6039503785752167 -12.881942921464931 1.3626238526211336
9.5727249303988398 -12.910161127022134 1.3643725258476851
9.5299663992402781 -12.94875363063135 1.3668021022812324
9.498588463248506 -12.977039517669656 1.3686103123820712
9.455620879040902 -13.015725494586242 1.3711208578147744
9.4240893859272568 -13.044080109749455 1.3729880288689531
9.380905950322509 -13.082866220115081 1.3755759245791788
9.349211970265598 -13.111299256011522 1.3774974659120462
9.3058058420607921 -13.150193644328397 1.3801593187520584
9.2739482934580568 -13.178706523508827 1.3821347296897317
9.2303125873500562 -13.217718275625669 1.3848673906165776
9.1982825165750945 -13.246323459695761 1.3868926711410583
9.1544104419558767 -13.285462523818264 1.389693179506674
9.1222067851460444 -13.314161671270195 1.3917678918081506
9.0780915638956845 -13.353438655635498 1.3946334916396146
9.0457055727148763 -13.38224591102882 1.39675413055383
9.0013406206057933 -13.42167181202468 1.3996822239805102
8.9687712707075811 -13.450588961681794 1.4018484045442601
8.9241500577271218 -13.490175212525251 1.4048365666159945
8.8913889708086131 -13.519217248151637 1.4070452009890084
8.8465052298165308 -13.558975314194692 1.410091140239691
8.8135514360859162 -13.588144067402185 1.4123418882123191
8.7683989847344037 -13.628085674378729 1.4154434605270825
8.735244592058871 -13.657396348550684 1.417733588904776
8.6898175581267445 -13.697532992616017 1.4208887636737262
8.6564616425333583 -13.72698740573645 1.4232179704767192
8.6107542902112897 -13.767330704775851 1.4264248438317988
8.5771896626006914 -13.79694378244985 1.428790699771266
8.5311967469534817 -13.837504916184292 1.4320474650461994
8.49742095259462 -13.867278678841688 1.4344497020649627
8.4511398112456817 -13.908068835534129 1.4377546628422704
8.4171580455022195 -13.938016329641057 1.4401911101003271
8.3705992763091146 -13.979044248408107 1.4435426470219925
8.3362597219119774 -14.009192079001302 1.446013145477574
8.28965461553544 -14.050466507410709 1.4494097511439659
8.2560423012157536 -14.080709982619183 1.4519120018223659
8.2108168571109292 -14.122062265076778 1.4553516721426374
8.1661171341707171 -14.15444862199513 1.4578916044866799
8.1435715550324943 -14.195572165217374 1.461372916874061
8.1780207095719426 -14.220131002417581 1.4639202453529754
8.2946831291897247 -14.246103450201117 1.4673983637935557
8.5571401750456175 -14.259416476458897 1.4700108254605284
9.2138984753205655 -14.21541973179311 1.473237479159003
9.7979597952538882 -14.127175501130109 1.47519683837499
10.736886695772503 -13.930084524149752 1.4773232536048699
61.456736099862809 40.812314918067834 -0.015957045034072134
37.173075431889025 38.343082638233092 -0.21002305061818757
19.396202029170226 36.535479153704927 -0.35208922672770554
-4.8874586388035617 34.066246873870178 -0.54615523231182095
-0.7505128028502992 26.023605361932443 -0.54780408306920969
-1.1131287348961134 22.214173904661987 -0.59427172098682524
-1.3785820207875923 19.425476529988867 -0.62828839285023363
-1.7411979528334065 15.616045072718411 -0.67475603076784918
-1.8080290042872673 14.03971954805848 -0.68909533298812853
-1.9735068391622141 12.189987395505309 -0.69989594174258152
-2.0946450218171679 10.83588947944264 -0.70780253610351429
-2.2601228566921141 8.986157326889467 -0.71860314485796739
-2.3684742530456457 8.035724710428708 -0.71554191756207519
-2.5079650278150747 6.9214681219467948 -0.70513182481891035
-2.610079362133443 6.1057756865096682 -0.69751110801940941
-2.7495701369028711 4.9915190980277542 -0.68710101527624434
-2.8402039953306599 4.3628689403692675 -0.67312131936367392
-2.9544680830659691 3.6197735285369812 -0.65102076557296884
-3.0381152007687215 3.0757899322044278 -0.63484203732276356
-3.1523792885040298 2.3326945203721414 -0.61274148353205837
-3.225808033317187 1.8951360222440294 -0.59336749851195458
-3.3171586050697401 1.3744740160905868 -0.56612074753585373
-3.3840318648930756 0.99332297401552816 -0.54617474148017098
-3.4753824366456296 0.47266096786208561 -0.51892799050407001
-3.5334865700461449 0.15976221023978565 -0.49782841427252228
-3.6051248228608905 -0.21388814909683065 -0.46952859927397861
-3.6575676636867476 -0.48741919639760134 -0.44881169685024486
-3.7292059165014928 -0.86106955573421762 -0.42051188185170119
-3.7743870611412471 -1.0877098851411158 -0.39983819979376301
-3.8297730287257425 -1.3586753699862684 -0.37276913005505985
-3.8703183710239557 -1.557035871990454 -0.35295319569270389
-3.9257043386084498 -1.8280013568356068 -0.32588412595400068
-3.9604230948030383 -1.9928764110797863 -0.30673174899688377
-4.0028681538991773 -2.1898971485877401 -0.28198104642381905
-4.0339400936878151 -2.3341263385882556 -0.26386227461730971
-4.0763851527839545 -2.5311470760962091 -0.23911157204424496
-4.1029114603156014 -2.6509563085319474 -0.22191861123577
-4.1353615031886291 -2.7938701354790063 -0.1998557220397971
-4.1591165832794745 -2.8984903179083616 -0.18370456618658229
-4.1915666261525022 -3.0414041448554219 -0.16164167699060938
-4.2118677894570693 -3.1280288582974123 -0.14647493307879367
-4.2368199126301391 -3.2310696145378826 -0.12707739392410047
-4.2550861345495443 -3.3065006833562283 -0.1128774097210582
-4.280038257722615 -3.4095414395966981 -0.093479870566364989
-4.2957501999398735 -3.4716631167446521 -0.080218030053454223
-4.3152502702188604 -3.5452899734958541 -0.063274114752006616
-4.3295253124142432 -3.599188573439331 -0.050870307872203091
-4.3490253826932301 -3.672815430190532 -0.033926392570755498
-4.3614690482181793 -3.7168844149016484 -0.022368056840687753
-4.3771514181744156 -3.7688976324000167 -0.0075933705838875732
-4.3886317097654723 -3.8069739502739535 0.0032224504219799349
-4.4043140797217086 -3.8589871677723222 0.017997136678780119
-4.4145325662026886 -3.8898472572067351 0.028074303807817249
-4.4276770554667726 -3.9261185751725072 0.040974629316969546
-4.437299489447625 -3.9526710227809385 0.050418323023845996
-4.450443978711708 -3.9889423407467115 0.06331864853299829
-4.4592460923451309 -4.010255383429973 0.072128211697597339
-4.4708379325344172 -4.0352300838917552 0.083429432764008965
-4.4793237485061939 -4.0535128335335937 0.091702500772190124
-4.4909155886954801 -4.078487533995375 0.10300372183860175
-4.4989182493318944 -4.0930325631277995 0.11073746606227186
-4.5097037321224089 -4.1100860003643689 0.12068303404895589
-4.5175992535092266 -4.1225699828652251 0.12796369512533923
-4.5283847362997403 -4.1396234201017945 0.13790926311202323
-4.5360507712617375 -4.1495125127905874 0.14473313443796826
-4.5465855866599094 -4.1612089126330432 0.1535318934344149
-4.5542976067797305 -4.1697712715833601 0.15997303206336769
-4.5648324221779024 -4.181467671425815 0.16877179105981427
-4.5725026085563831 -4.1883043717424613 0.17482630747992578
-4.5831922034291823 -4.1965876742125685 0.18265423968511227
-4.5910175299883988 -4.2026514724751491 0.18838468377751355
-4.6017071248611972 -4.2109347749452564 0.19621261598270004
-4.6096265376693806 -4.2159318926724021 0.20161527257888007
-4.62075898531217 -4.222268257035581 0.20861915075086063
-4.6289085025992929 -4.2269067976846966 0.21374634542277315
-4.6400409502420832 -4.2332431620478745 0.22075022359475374
-4.6483802142981476 -4.2373113552468951 0.2255985836014405
-4.6601525652652533 -4.2427967541995724 0.23190015915749027
-4.6687705242977069 -4.2468123449327164 0.23651323263225285
-4.6805428752648117 -4.2522977438853928 0.24281480818830264
-4.6894150994964257 -4.2561128373014911 0.2471896282691001
-4.7019542989744672 -4.2615551497639235 0.25288968973119763
-4.7111336300786357 -4.2655391989970894 0.25706242432771842
-4.7236728295566772 -4.2709815114595218 0.26276248578981592
-4.7331470015437667 -4.2750361848809586 0.26673058074868078
-4.7465263966826319 -4.2810184765526103 0.27191259669465251
-4.7563207936988237 -4.2853978180019565 0.27570609565273596
-4.7697001888376898 -4.2913801096736082 0.28088811159870769
-4.7798117256173942 -4.296023987559308 0.28450485055405528
-4.7940640520211568 -4.3029537764392733 0.28923810686039297
-4.804497479074767 -4.3080267339851339 0.29270309096187808
-4.8187498054785278 -4.3149565228650983 0.29743634726821583
-4.829508847845883 -4.3204275683728417 0.30074776612929854
-4.844636432563834 -4.3285755367350642 0.30509000221056565
-4.8557105931731783 -4.3345402635546755 0.30826873964051199
-4.8708381778911312 -4.342688231916898 0.31261097572177915
-4.8822361064580617 -4.3491375471051246 0.31565553309751165
-4.8982188814162617 -4.3586682114607171 0.31965512319133699
-4.9099190847316043 -4.3656451419988969 0.32258302634946628
-4.9259018596898025 -4.3751758063544894 0.32658261644329156
-4.9379164141886509 -4.3826873691030883 0.32939263616130632
-4.9547182069324798 -4.3936835418773308 0.33309037561398452
-4.967017972879205 -4.4017332990368816 0.33579730876649688
-4.9838197656230339 -4.4127294718111241 0.33949504821917509
-4.9964191063549999 -4.4213359407954504 0.34209789474726038
-5.0139923915142433 -4.4338183144778869 0.34552845181521136
-5.0268569291067076 -4.4429560462124904 0.34803979388721601
-5.0444302142659518 -4.4554384198949259 0.35147035095516688
-5.057579189677111 -4.4651344853547261 0.35388938396864983
-5.0758552424861412 -4.4790759058373677 0.35708246683927819
-5.0892342417041645 -4.489281733960345 0.35941996573335605
-5.1075102945131956 -4.5032231544429875 0.36261304860398447
-5.1214383568993211 -4.5140315393729091 0.36486860231299489
-5.1392065389261212 -4.5292483121478453 0.36784947555188002
-5.1522137509278725 -4.5403877629463301 0.37003162621366653
-5.1699819329546735 -4.5556045357212662 0.37301249945255166
-5.2103835694190481 -4.5728307221992583 0.37513992067372448
-5.1220851840293609 -4.5778133812832662 0.37789605852202313
-5.0574462796978112 -4.5814609408895546 0.37991369145964132
-4.9691478943081249 -4.5864435999735624 0.38266982930793991
-6.9538616276140752 -5.0434312939222989 0.38601004194325783
1.9554502927703121 -4.0737611858449796 0.38580562934799961
8.4775192789708136 -3.3639134001515676 0.3856559889425637
17.3868311993552 -2.3942432920742478 0.38545157634730548
63.773084431805295 -0.021921217824469853 0.39288623222307478
81.831874847399973 9.7761096503080243 0.32247097023301252
95.051826954853354 16.9487660599093 0.27092342082801274
113.11061737044804 26.746796928041793 0.20050815883795053
11.211699077812083 -13.495507279491024 1.4788205174525217 11.724298466964996 -13.064072970851953 1.4739510992528986 11.830146239115814 -12.673277979556138 1.4725290907361308 11.827564005794073 -12.377619399350653 1.4627578154226435 11.806305590177253 -12.144287134534824 1.4595613714021625 11.781554501266736 -11.967017623971065 1.4481259367612667 11.750658237370905 -11.823012117189608 1.4443425950954054 11.720158723164815 -11.713127880200556 1.4325260180811636 11.682040430599326 -11.624724370013279 1.4286042870387508 11.646592251557911 -11.558509514150577 1.4173463183739645 11.60232728869658 -11.508564623427521 1.4134801501303278 11.562556590298426 -11.472824707766602 1.4034667859412298 11.513247227061848 -11.451001458333577 1.3996827026516723 11.469679006632534 -11.437413388962424 1.3913788702750254 11.416399235400458 -11.43674190864941 1.3876113603771312 11.369449094255545 -11.439657588075194 1.3812921064817718 11.31319789928747 -11.455082898891355 1.3774478246934381 11.263181871080512 -11.47051361737419 1.3732263182192128 11.204849323474525 -11.498191777444243 1.3692327879573338 11.152005850097023 -11.523266038258196 1.3670845748813756 11.092349733279498 -11.560185540396988 1.3629220443207517 11.036867651646844 -11.592821145260983 1.3627067850561858 10.976498783660286 -11.636582588739678 1.3584242082037825 10.918546097389616 -11.675266709723664 1.3599067612519011 10.857921189879935 -11.723946909289973 1.3556241105770459 10.797670613673064 -11.767576922666358 1.3584965090396326 10.737092052083575 -11.819641252270046 1.3543961274213789 10.674740566257832 -11.867404024764248 1.3583012202722933 10.614362778699391 -11.921647343663153 1.3546110517545884 10.55014358943467 -11.972925869014068 1.359167724452595 10.489985686323756 -12.028430295648068 1.356139236642641 10.424172005807153 -12.082731834888508 1.3609683962645913 10.36413617798574 -12.138833825419292 1.3588519041226881 10.29703710425094 -12.195736194389665 1.3636019051067954 10.236931947810726 -12.251997897371085 1.3626218378985913 10.168881432690988 -12.311111668829762 1.3669917601634354 10.10844900860768 -12.367293250039545 1.3673241668760914 10.039789449300912 -12.428238052862516 1.3710833276968102 9.9787345583493128 -12.484268998902424 1.3728375780565047 9.9097969272194142 -12.546662139026154 1.3758398336842379 9.8478168420691716 -12.602610615059872 1.3790460404217646 9.7788994748183935 -12.666066101936517 1.3812377739527009 9.7157122601089014 -12.722106316297904 1.3858409498941271 9.647060453037227 -12.786242174155637 1.3872621029708097 9.5824300409015279 -12.842620403765544 1.3931234995275219 9.5142184696982284 -12.907071960150223 1.3939015379328525 9.4479748458800028 -12.964072411484441 1.4008070247070477 9.3802945265660753 -13.02850914293035 1.4011442812526214 9.3123477088303463 -13.086421156272538 1.4088190600230837 9.2451988010787645 -13.150564669704673 1.4089744231151762 9.1755457321214688 -13.209652916683803 1.4171028644941779 9.1088369711292536 -13.273293775255334 1.4173692323896281 9.0375609737533722 -13.333773056331388 1.4256182176993482 8.9711159852885629 -13.396784421106391 1.4262974788383673 8.8983792006423652 -13.458800440140593 1.434341354009036 8.8319506572760513 -13.521146787486709 1.4357188541927046 8.7579882068455905 -13.584763310111459 1.4432639749615366 8.6913286896327673 -13.646499176098647 1.4455844590576361 8.6167640868662652 -13.711667371156466 1.4523912361081137 8.5518396061377011 -13.772764216371955 1.4558374821804734 8.4922318480222927 -13.838202449785415 1.4617339219456826 8.5267371391061157 -13.89118705857857 1.4663829641132666 8.9588204542382961 -13.913796031987758 1.4711068418107616 10.090304362747631 -13.806878610505738 1.4760826466210266 11.369551127926989 -13.409447194247722 1.476557544165356 11.668659024013788 -13.154164730824954 1.4772806774252814 11.763338644865266 -12.974972826829793 1.4734279148473843 11.825571220810707 -12.747541118212638 1.4734372780549658 11.83207144817893 -12.607032675182928 1.4679258891171898 11.831030047348156 -12.430812826370527 1.4678013176254139 11.82387535902175 -12.324036913041391 1.461290030513404 11.811154739265245 -12.188186678616104 1.4611189687914932 11.802322510932584 -12.105235121578819 1.4540653068707805 11.785643769308919 -11.999307022826383 1.4537219338354772 11.776237555401247 -11.933654052487519 1.4465500668019999 11.756588191959711 -11.85081451025596 1.4458507260551021 11.746590211799987 -11.798254313765746 1.4389613644109249 11.72436154896802 -11.733928893496486 1.43771377947822 11.713619428581564 -11.691626128272771 1.4314639763520847 11.689212322632237 -11.64253286706993 1.4294958349230746 11.677525182582206 -11.608516114660553 1.4241780953714942 11.651373075215593 -11.572141640110091 1.4213602088888748 11.638517059567986 -11.545021017331612 1.4171853930501475 11.611062267884979 -11.519333456305706 1.413449773949973 11.596814428619529 -11.498128058228863 1.4105354995787471 11.568481178021869 -11.481416073759418 1.405887273976796 11.552643240441403 -11.465438100248855 1.4042528675324788 11.523812107879598 -11.456221049339367 1.3987752226184209 11.506232304284236 -11.444990933902201 1.3983437082490031 11.477218122988173 -11.441970891490392 1.3921955928773009 11.457809269410669 -11.435150761909009 1.3928026390504893 11.428844142239475 -11.437189498164109 1.3862095072232734 11.407596436601505 -11.434528853184917 1.3876186962614179 11.378819109295627 -11.440639174453086 1.3808571382093384 11.355806563749187 -11.441930081045589 1.3827804214077455 11.327258921928001 -11.451274447658275 1.3761580143869698 11.302638863532625 -11.456315330997016 1.3782798018300138 11.274269768846448 -11.468206803744499 1.3721118912473174 11.248275408480559 -11.47677473013584 1.3741149330236682 11.219951522437144 -11.490676764064551 1.3687002935685615 11.192878156409433 -11.502508378516451 1.3702913613289212 11.164400859684697 -11.518031113092231 1.3658887689774775 11.136586786644417 -11.53281230377166 1.3668221560586695 11.107713829943917 -11.54970394999653 1.3636298195557923 11.079517495980562 -11.567068011239602 1.3637268441655113 11.049987653221043 -11.585200774220279 1.3618664063383936 11.021762846203016 -11.604734429079979 1.3610294129207119 10.991321611073436 -11.624085145051371 1.3605358576436521 10.963392686827122 -11.645341346457258 1.3587556422506439 10.931816978104827 -11.665967647623125 1.3595739624418193 10.90445610324182 -11.688483667660016 1.3569300647303071 10.871576028813841 -11.710496997087633 1.3589189990296371 10.844984267862687 -11.733815987144197 1.3555728654038135 10.810700235731325 -11.75735314859411 1.3585154399726522 10.784994006417424 -11.781047146665601 1.3546970247264887 10.749287844310846 -11.8062422745635 1.3583170874888821 10.724491838732231 -11.829934573742491 1.3543059767815784 10.687431062789933 -11.856893438973557 1.3582894281144215 10.663478217966885 -11.880278323055368 1.354392003936894 10.625213137398745 -11.90905675408847 1.3584110487390271 10.601951677348996 -11.93191484828572 1.3549355221933215 10.562705592640645 -11.962502758989066 1.3586740235159245 10.539912600596409 -11.984710619004998 1.3559053337843539 10.499965902460609 -12.017022719988306 1.3590832571692131 10.477366361102705 -12.038555762844821 1.357259841103458 10.437035822314563 -12.072429527123834 1.3596548485891715 10.414325623528217 -12.093357955056923 1.3589491351380873 10.373940557518095 -12.12855885290932 1.3604136128879429 10.350811666012772 -12.149036794494096 1.3609177985365501 10.310688874309697 -12.185270251796526 1.3613899641954583 10.286854656817402 -12.205518897204119 1.3631082038817808 10.247274182439604 -12.242447911663023 1.3626164101490941 10.222492899912188 -12.262733907989903 1.3654640462951901 10.183676538079293 -12.300000820440335 1.3641239382623771 10.157771143520785 -12.320611579762428 1.3679338293241212 10.119865439893847 -12.357862178338735 1.3659385817090635 10.092738117648151 -12.379080004977615 1.3704740256825849 10.055803225338947 -12.415987964207906 1.3680784368519647 10.027443525471632 -12.438065008634348 1.3730516595240629 9.9914488239195336 -12.474354647621643 1.3705513682171546 9.9619347545152195 -12.497490634580947 1.3756461024581912 9.9267615933158186 -12.53295612002883 1.3733535814204794 9.8962535935077813 -12.557280582748215 1.3782499377972282 9.8617049554192882 -12.591799992547518 1.3764691751423164 9.8304332381717661 -12.617360390568226 1.3808688215280795 9.7962495631431299 -12.650903469017136 1.3798707051083912 9.7644958441182936 -12.677660102594807 1.383520348320237 9.7303757642813835 -12.710289046100112 1.3835207123626876 9.6984508395373386 -12.738117142319314 1.3862320101133705 9.6640751828685687 -12.769980314264243 1.3873740913150741 9.6322941480896116 -12.798679091919254 1.3890384071469204 9.5973513071169663 -12.829998132765208 1.3913811062103614 9.5660083982866375 -12.859306099975726 1.39197793091999 9.5302190506103308 -12.890357428460311 1.3954908131066024 9.4995641155856188 -12.919972673021322 1.3950891807402701 9.4627033338214286 -12.951064824377392 1.3996546122644129 9.4329218137958364 -12.980668661374649 1.3984073968663022 9.3948368097851951 -13.012117243022178 1.4038296455913315 9.3660348295291378 -13.041399318815017 1.4019611920601613 9.3266569247771969 -13.073501556363547 1.4079817662664 9.2988526831266594 -13.102184393817737 1.4057698397364766 9.258202556777789 -13.1351952751731 1.4120878418912408 9.2313247065644006 -13.163056291141416 1.4098413326968326 9.1895105072353118 -13.197168191281571 1.4161372057453394 9.1634036567573656 -13.224057420124025 1.4141713651936481 9.1206121327483487 -13.25938481368626 1.4201321387220509 9.0950490335501666 -13.285236913944555 1.4187433176509761 9.0515303929231017 -13.321807379045762 1.4240873418690319 9.0262298474145606 -13.346646956817819 1.4235292436272966 8.9822775656858376 -13.384399173298483 1.4280284399870922 8.956926641970723 -13.408338988554636 1.4284917788835909 8.9128538795496919 -13.447127874640314 1.4319896340243354 8.8871327351324005 -13.470360060314858 1.4335868190416319 8.8432475523895278 -13.5099686039931 1.4360106877970431 8.816855311028128 -13.5327495594253 1.4387667509717239 8.7734385583933463 -13.572906243532872 1.4401334869825331 8.7461207917083303 -13.595536210087625 1.4439839777088326 8.7034205332904797 -13.635935691999286 1.4443984382343455 8.6750128353792384 -13.658733439969129 1.4491944454646475 8.6333347311024102 -13.699052721089048 1.4488409631014996 8.6039282529143666 -13.722319639461816 1.4543608325979491 8.5643422027027842 -13.762187862484872 1.4534881714990613 8.5352951290939867 -13.786112658336819 1.4594547811547955 8.5044441159956978 -13.824764066175911 1.4583547474987322 8.4853142977787606 -13.848907100149578 1.464455612794181 8.5053678294827559 -13.882808294110276 1.4634304872801642 8.5597672336476762 -13.902430019451854 1.4693291973141231 8.8143987394961894 -13.913886535413562 1.4686139306582378 9.1536757560340813 -13.90489111621458 1.4738972859481971 9.808757088858961 -13.844578044508363 1.4734214297674693 10.363980003818673 -13.761243530440824 1.4773774460528273 11.015852118411448 -13.579714161028695 1.4764244175162307 7.8102765401762433
