BS2026_GAUSS_FIXTURE_V1 guard-rho-0-g3-n32 32 3 6 accepted f47a6f789fa463abdfdb8d0b158a78bd228bbe85881199d601d086f49396ba6a
30000 210 0.053267187226441602 1 10000000000 100
-4.6051701859880909 -1.3862943611198906 0.037
0.29955882827377411 0.40455439185938541 8.289799046039942
0 0.03125 0.0625 0.09375 0.125 0.15625 0.1875 0.21875 0.25 0.28125 0.3125 0.34375 0.375 0.40625 0.4375 0.46875 0.5 0.53125 0.5625 0.59375 0.625 0.65625 0.6875 0.71875 0.75 0.78125 0.8125 0.84375 0.875 0.90625 0.9375 0.96875 1
11.51558376312358 -14.937814575292958 1.5295981182700427
11.936023281435372 -14.511233103498087 1.5259219059545448
11.947968250501779 -14.156107268484512 1.5175043702108209
11.947200781648762 -13.97900848348718 1.512053964716044
11.932618412259615 -13.725535818540635 1.5017412273619293
11.91425012010636 -13.538019184036198 1.4903708023622162
11.902637974451684 -13.442156695760442 1.4836016749275047
11.88110122475579 -13.300242687542237 1.4717100498636546
11.856637557118438 -13.192043065052946 1.4597121601047454
11.841618805494573 -13.136655011973437 1.4527907392236439
11.814470658236107 -13.054514051265565 1.4410032237586006
11.784879141866721 -12.993132990389784 1.4296601379243681
11.767014550868179 -12.962324908119092 1.4232360623780662
11.735214549027686 -12.917834250807342 1.4125028660900432
11.701430850444391 -12.887291315934247 1.4024892734303906
11.681253522098437 -12.87290275968682 1.3968899541531972
11.645697999835392 -12.853999540827653 1.387661532741725
11.608567735556873 -12.844882682413914 1.3792498568983882
11.58655282616477 -12.841983616091474 1.3745938233319481
11.548029037633199 -12.84113785722837 1.3670050785945218
11.508276657797792 -12.847307243895848 1.3602271353645672
11.484826981521673 -12.852633009457202 1.3565111726547439
11.44399474409723 -12.864765571794226 1.3505192409748261
11.402215645759021 -12.881973150217172 1.345280274941697
11.377659476855415 -12.893245046464308 1.3424393186933847
11.335051505233054 -12.914773245634734 1.337915362235538
11.291718541704798 -12.939978381420389 1.3340660272760569
11.266314686028295 -12.955557105878293 1.3320101275428278
11.222347511059525 -12.983888126969811 1.3287943801883306
11.177824856513507 -13.014872173651382 1.3261717878616135
11.151771236718472 -13.033558305277024 1.3248067256601386
11.106760843784647 -13.066788994329487 1.3227382930982181
11.061320496876196 -13.101916792981816 1.321186990987451
11.034763810798264 -13.122825335054021 1.3204245175168401
10.988942327134678 -13.159549567129558 1.3193555858948909
10.942780489023194 -13.197611715918098 1.3187366759974462
10.915825552260392 -13.220088186743345 1.3184987278440665
10.869356974637475 -13.259266242786516 1.3182999308937917
10.822608904540784 -13.299369903741006 1.3184937301728401
10.795327004447167 -13.32293179211735 1.3187134229203086
10.748321052045693 -13.363798364370766 1.3192745959385768
10.701073854910758 -13.405289247387703 1.32018008616963
10.673509879064644 -13.429583949326553 1.3208011446560581
10.626033702726776 -13.471581607223012 1.3220299167421257
10.578336981404526 -13.513986950074349 1.3235628048978325
10.550515322406538 -13.538760894654782 1.324538347612142
10.502603144250275 -13.581491006064036 1.3263579038709168
10.454477685624084 -13.624477164601149 1.3284482505632522
10.426407038437603 -13.649552770111963 1.3297394033843495
10.378067951748806 -13.692738721110787 1.3320860926104183
10.329512711189937 -13.736079162498788 1.3346759743124519
10.301189921415355 -13.761337391342503 1.3362505397842039
10.252414130754797 -13.804796643053274 1.3390716392146027
10.203411797034118 -13.848347474410801 1.342113044041197
10.174824922287298 -13.873714457113913 1.3439443191745706
10.12558869898047 -13.917337050587394 1.3471960760949775
10.076110101860168 -13.961018083654599 1.3506490965954749
10.047240834040974 -13.986454741452873 1.3527148648056104
9.9975104326920086 -14.030186571101018 1.3563608395578055
9.9475180203194107 -14.073966507833584 1.3601921608702272
9.9183435953519954 -14.099460414191944 1.3624738521324931
9.8680783392564777 -14.143290074374768 1.3664835438434411
9.8175289140953392 -14.187174801407284 1.3706651980409699
9.7880236136064038 -14.212733738130019 1.3731471985761099
9.7371783193248991 -14.256682084318566 1.3774949185502283
9.6860251854314665 -14.30070534650007 1.3820032674135927
9.6561615145754267 -14.326352161192581 1.3846723567602743
9.6046883922437711 -14.370463964143518 1.38933631121155
9.5528830355540233 -14.41467988663984 1.3941512199565014
9.5226326438466948 -14.440448365080437 1.3969961141281491
9.470482781326071 -14.484785604173775 1.4019576605149269
9.4179761788144756 -14.529262673838145 1.4070618289803352
9.3873105765697851 -14.555194216510266 1.4100728109385094
9.3344350923167845 -14.599830677309367 1.4153158569002329
9.2811787251112658 -14.644646894152061 1.4206942797655204
9.2500698366479064 -14.670787839858175 1.4238629013991366
9.1964207676895722 -14.715804765261597 1.4293734203929873
9.1423673968304779 -14.761043745838037 1.4350129529383939
9.1107879826289668 -14.787443223369444 1.4383317955370838
9.0563189595430735 -14.83292582750396 1.4440974379464167
9.001423210326152 -14.878673692401527 1.4499864482067244
8.969347183388944 -14.90538190824557 1.4534489308338248
8.9140139331298975 -14.951416604699508 1.4594587132898134
8.8582327263771123 -14.997759517967452 1.465586805045864
8.8256353936351157 -15.024826406374629 1.4691870321948552
8.7693961378546366 -15.071498629734771 1.475431091057595
8.712689590752916 -15.118520834157348 1.4817888845919776
8.6795510427434301 -15.145994740812347 1.4855215240368254
8.6223772455518084 -15.1933863878373 1.4919909148733597
8.5649022026538475 -15.241152434439046 1.4985697586045645
8.5323470106058004 -15.268982863091979 1.5024292927893641
8.4779464071143487 -15.316855852814939 1.5091137061462827
8.4911203245662819 -15.359362126598723 1.5158662510940311
8.7034276420377683 -15.365676556803967 1.5196825808024552
9.4198460532155455 -15.344869769840896 1.5260448211195259
10.948429035104091 -15.125719056529054 1.5296258237576308
34.738245386860655 35.245715969326476 -0.30374206026763972
0.98693688032335336 29.341790822732357 -0.69548748269969951
0.98693688032335336 29.341790822732357 -0.69548748269969951
-1.2048485075709252 20.942835414544671 -0.85207594722769231
-1.5176552449670366 15.493307788214349 -0.93946595548137679
-1.5176552449670366 15.493307788214349 -0.93946595548137679
-1.7794447552769779 11.725452595683047 -0.98252940440819792
-2.021277383394537 8.939847167294996 -0.99130938081894282
-2.021277383394537 8.939847167294996 -0.99130938081894282
-2.243078873864516 6.7867855544119875 -0.97392748990451339
-2.444958935203374 5.0715269662814491 -0.93720709398577917
-2.444958935203374 5.0715269662814491 -0.93720709398577917
-2.6274320541350376 3.6759802630448815 -0.88681579680189349
-2.7913323090430731 2.5235685996330197 -0.82735952227283327
-2.7913323090430731 2.5235685996330197 -0.82735952227283327
-2.9377268392632607 1.5618528390670332 -0.76248581201953924
-3.0678377640743202 0.75326807053101941 -0.69500331637202661
-3.0678377640743202 0.75326807053101941 -0.69500331637202661
-3.182975816865568 0.069879679823122876 -0.62700974904897111
-3.2844865082590928 -0.5097372121483783 -0.56001837335794569
-3.2844865082590928 -0.5097372121483783 -0.56001837335794569
-3.3737082780425802 -1.0024365200663974 -0.49507523430259043
-3.4519413777801899 -1.4217528460933335 -0.43286246821665741
-3.4519413777801899 -1.4217528460933335 -0.43286246821665741
-3.5204259095268617 -1.7787382796991147 -0.37378577109777977
-3.5803273831839819 -2.0825401842503095 -0.31804608409693963
-3.5803273831839819 -2.0825401842503095 -0.31804608409693963
-3.6327282439216706 -2.3408122211946321 -0.26569676692433158
-3.6786239911610412 -2.5600148649778727 -0.21668813664569089
-3.6786239911610412 -2.5600148649778727 -0.21668813664569089
-3.7189227144310628 -2.7456406460414078 -0.17090143712151243
-3.7544470788762201 -2.902386755613791 -0.12817423445200415
-3.7544470788762201 -2.902386755613791 -0.12817423445200415
-3.7859379867216956 -3.034289903590714 -0.088319026560939012
-3.8140593117034767 -3.144833458749599 -0.051136591479605656
-3.8140593117034767 -3.144833458749599 -0.051136591479605656
-3.8394032481174132 -3.2370337832956597 -0.01642532859074133
-3.8624959349721739 -3.3135106346386136 0.016012402778904877
-3.8624959349721739 -3.3135106346386136 0.016012402778904877
-3.88380311090194 -3.3765451467532839 0.046366160087332367
-3.9037356300496722 -3.4281279774728124 0.074814903147155956
-3.9037356300496722 -3.4281279774728124 0.074814903147155956
-3.9226547263610816 -3.4699995650709781 0.10152562827996386
-3.9408769567951669 -3.5036839819401209 0.12665280637123075
-3.9408769567951669 -3.5036839819401209 0.12665280637123075
-3.9586787857009522 -3.5305175438853591 0.15033836987140331
-3.9763007954736884 -3.5516730908090492 0.17271206244725759
-3.9763007954736884 -3.5516730908090492 0.17271206244725759
-3.9939515246204484 -3.5681806721829656 0.19389201688083735
-4.0118109451859914 -3.5809452312107259 0.21398546561330514
-4.0118109451859914 -3.5809452312107259 0.21398546561330514
-4.030033598430677 -3.5907617731083445 0.23308951705449205
-4.0487514117437531 -3.5983284173053796 0.25129195183945169
-4.0487514117437531 -3.5983284173053796 0.25129195183945169
-4.0680762218134277 -3.6042576648782663 0.26867200850453243
-4.0881020296669384 -3.6090861571076736 0.28530113904084869
-4.0881020296669384 -3.6090861571076736 0.28530113904084869
-4.1089070127948206 -3.6132831557641705 0.3012437225801447
-4.1305553185238715 -3.617257938415805 0.31655773092222206
-4.1305553185238715 -3.617257938415805 0.31655773092222206
-4.1530986613503673 -3.6213662711041654 0.33129534335844257
-4.1765777452682213 -3.6259160949289617 0.34550351075472285
-4.1765777452682213 -3.6259160949289617 0.34550351075472285
-4.2010235303530115 -3.6311725414740801 0.35922447047966288
-4.2264583610791373 -3.6373623738600585 0.37249621475634048
-4.2264583610791373 -3.6373623738600585 0.37249621475634048
-4.2528969721132457 -3.6446779349367779 0.38535291556823631
-4.2803473856795113 -3.653280671263039 0.39782530949770434
-4.2803473856795113 -3.653280671263039 0.39782530949770434
-4.3088117130536254 -3.6633042906734343 0.40994104591840835
-4.3382868713246587 -3.6748576020952961 0.4217250018722779
-4.3382868713246587 -3.6748576020952961 0.4217250018722779
-4.3687652252699793 -3.6880270785825306 0.43319956678730548
-4.4002351630182677 -3.7028791780645491 0.44438489997055403
-4.4002351630182677 -3.7028791780645491 0.44438489997055403
-4.4326816131235924 -3.7194624508781886 0.45529916356572392
-4.4660865097310714 -3.7378094586017947 0.46595873341342492
-4.4660865097310714 -3.7378094586017947 0.46595873341342492
-4.5004292116450451 -3.7579385249093362 0.47637839000605736
-4.5356868798873311 -3.7798553359535805 0.48657149149475248
-4.5356868798873311 -3.7798553359535805 0.48657149149475248
-4.5718348105562887 -3.8035544045616061 0.49655013048263319
-4.6088466087442601 -3.8290204010983264 0.50632527605791799
-4.6088466087442601 -3.8290204010983264 0.50632527605791799
-4.6466922888726057 -3.8562292011585124 0.51590690108009485
-4.685301600979062 -3.885145912119488 0.52530407418216274
-4.685301600979062 -3.885145912119488 0.52530407418216274
-4.7239075064021518 -3.915670606442438 0.53452465002677152
-4.7487975246156351 -3.9466048640582492 0.54356804710949003
-4.7487975246156351 -3.9466048640582492 0.54356804710949003
-4.4947761353819002 -3.9554408945106565 0.55229059435757522
1.0884770751071862 -3.5120232634438713 0.55791987471245341
1.0884770751071862 -3.5120232634438713 0.55791987471245341
59.193100275371265 1.7191325737824876 0.52567148357514204
126.29709721920891 18.107030676613199 0.29587548970890859
126.29709721920891 18.107030676613199 0.29587548970890859
11.335579232160082 -14.75866774209976 1.5288521514352122 11.742702594682106 -14.074661025899486 1.5173593246518295 11.70765429215419 -13.634707254870936 1.4997449060188444 11.656909770687717 -13.356238827951046 1.4798014643441291 11.595738732786559 -13.178014073477312 1.4601460409980467 11.525615708453333 -13.069350988386384 1.4412674166955155 11.447665791151689 -13.010823697780104 1.4246971658129466 11.363431795795103 -12.990269804356622 1.410026132397165 11.273597978634216 -12.998373468966259 1.3981783325258585 11.179614642583193 -13.028740474097505 1.3883630259617081 11.081693647419435 -13.076195876974513 1.3811969079750959 10.981145840671726 -13.136879290318591 1.375838010204735 10.877787671927964 -13.207859483119798 1.3727237760952868 10.772789839158907 -13.286580008602575 1.3711363599383979 10.665691077639838 -13.371504784281903 1.3713587090591102 10.557524665452428 -13.460792914980834 1.3728816758797324 10.447673884260146 -13.553830319764971 1.3758185143581008 10.33702603841577 -13.649182403060223 1.3799050119270633 10.224920111503819 -13.746852786570924 1.3850652057967618 10.112077841164561 -13.845651644508656 1.3912876039960949 9.9978878828070545 -13.945983590317647 1.3982990888498508 9.8828817452150464 -14.046828064828841 1.4063282235953654 9.7665720801283928 -14.14882434008312 1.4149138989719918 9.6492774290740631 -14.251096899174584 1.4244951661056773 9.5306878908259236 -14.354385935314978 1.4344495821418612 9.4108942317235229 -14.457966034283849 1.4453828738393195 9.2897959632724358 -14.562569199466768 1.4565531453963869 9.1672534916733586 -14.667639448861259 1.4686778585618363 9.0433866380531995 -14.773813234888502 1.480948965160364 8.9178679686348783 -14.880725089990694 1.4941334673641122 8.7941703648243283 -14.988669046519526 1.5074155876117261 8.9854729119905663 -15.078503246080604 1.5213856348569068 11.47845999317193 -14.675449073000546 1.5281776317344269 11.713190192519473 -14.391363938472786 1.5246939201518002 11.73930757808254 -14.137598392384165 1.5191023155507168 11.740478583315575 -14.013809159457631 1.5156678495907097 11.728751203417504 -13.828542439656518 1.5089093219700467 11.712466903256336 -13.674794913816497 1.5018305791382998 11.702587699999441 -13.596815061219203 1.4974739687445708 11.683573341521583 -13.480208071791013 1.4898873851280108 11.663253065109053 -13.381688727762462 1.482168990238474 11.650432705718979 -13.331904783674419 1.4776049732701868 11.627610648167463 -13.256804028994786 1.4699327171355965 11.603071860301467 -13.194360027413751 1.4621911602908462 11.588316542647156 -13.162691805560881 1.4579327518657386 11.561685675731193 -13.116494396099908 1.4504304061132967 11.533915029940028 -13.078662188616622 1.443470842526561 11.517167375593836 -13.060548180859623 1.4392806015058366 11.487515844737541 -13.034600485280308 1.432807922444804 11.456860320171586 -13.015440989260373 1.4262779546084114 11.438467259722929 -13.006797120871623 1.4229469149830845 11.406332520552228 -12.996498721139405 1.4169616127206632 11.373101667403185 -12.990947938132065 1.4117308828472135 11.353588271183344 -12.989868429141646 1.4085536213217393 11.319045447250723 -12.991170981934108 1.4038834922213745 11.284104595026925 -12.996249630996443 1.3992422750475009 11.263167544844393 -13.000840407604585 1.3969458463607551 11.22719998461357 -13.011098453068461 1.3929170388276291 11.190239750799293 -13.024426558959282 1.3894633667833718 11.168786157225169 -13.033240146508643 1.3874833017727795 11.130970848436018 -13.050659714365816 1.3845224206631648 11.093048472207117 -13.070034429273777 1.3818299552950193 11.070480216365823 -13.08252423497556 1.3804130945740831 11.03182916320354 -13.10499970746705 1.3782832983759381 10.992468880497018 -13.129593928934632 1.3763570949847939 10.969595578942528 -13.144329328325108 1.3755022173779978 10.9297018952294 -13.171344430015068 1.3739896771869968 10.889650780339633 -13.199305136255818 1.3730091235038957 10.866106534214845 -13.216445392276897 1.3723270619579975 10.82552165887922 -13.246282689126719 1.3718027627912337 10.784647507496107 -13.277490600533737 1.3711750349227978 10.760697720340962 -13.295845356173889 1.371223396161301 10.71947564308898 -13.328437957011168 1.3709630329256257 10.677864686600394 -13.361590449863264 1.3713294993375722 10.65371035426382 -13.381350159056764 1.3713323384417817 10.611706525402257 -13.415638704629192 1.3720333378315199 10.569788416001332 -13.450595894684344 1.3725734364375179 10.545040412116785 -13.471184368252501 1.3732482885432209 10.502845344719473 -13.506906458089405 1.3741320876397025 10.460089576895063 -13.543176227794889 1.3754764672990585 10.4354347531089 -13.564349527839042 1.3761659648546405 10.392394511352816 -13.601289133928772 1.3777450269670628 10.34958069346113 -13.638321807727818 1.3793654036369696 10.324282627514062 -13.66024874093954 1.380437954806907 10.281190747232072 -13.697711949630913 1.3823718339344142 10.237592545856538 -13.735785097837425 1.3844239918041092 10.212389414875799 -13.757751311022115 1.3857670832356026 10.168576932423788 -13.796191865048595 1.3880010977180153 10.124838360239611 -13.834429938283909 1.390575082938821 10.099169808893508 -13.857079156849203 1.3919391689274796 10.055129623366128 -13.895596884708752 1.3947714280605865 10.010852451976859 -13.934636839261033 1.3974127705955222 9.9850221012245779 -13.957150967131383 1.3992900283718415 9.9405480974525879 -13.996373866970259 1.4021083521312452 9.8958225955386432 -14.035441312750915 1.4054380273145959 9.8698363918179393 -14.058412322934901 1.4071158038485603 9.8247996217480242 -14.09770523735588 1.4106300643160194 9.7798366198208715 -14.137239071148395 1.4138690220604364 9.7533620370925025 -14.160234964321662 1.4160969164252459 9.7081651076783793 -14.199870779704348 1.4195320454107423 9.6624430861913524 -14.239633576239944 1.4233901086349199 9.6360491550802116 -14.262745165160172 1.4254652249067306 9.5900285667260867 -14.302712532237102 1.4294419803037688 9.5442218763842792 -14.342584179722422 1.433327113100316 9.5171636449114931 -14.366026746971851 1.4357373549049992 9.4710521274982877 -14.406009296186436 1.4398280696749246 9.4243751511218381 -14.446409789107436 1.4440412714027036 9.3973936649476233 -14.469690888911774 1.4465623990850243 9.3504352152925669 -14.510279087106053 1.4508627668841372 9.3035578375551591 -14.550587469386237 1.455387709318676 9.275995605430003 -14.574412432724934 1.4579069110058558 9.2287438859052564 -14.614900944246576 1.4626147364666928 9.1811378928074117 -14.655899583745033 1.4671272452844375 9.1533970922463208 -14.679523686663494 1.4700446423154765 9.1055039063461862 -14.720700809606551 1.4746545764609298 9.0573659377821745 -14.761690736650793 1.479714679066817 9.0293157045489902 -14.785832294229321 1.4823875333109626 8.980766341873343 -14.827089153886671 1.487578789093007 8.9321867104247286 -14.868691815688303 1.4924481263110085 8.9036879508769378 -14.892859043840314 1.4956238433799509 8.8548842049043497 -14.934657344980536 1.5006247368556973 8.8072165436201146 -14.976485820849383 1.5060501518255873 8.7860595825788952 -15.000259311620939 1.5089821223640894 8.7543448419665015 -15.041982543513432 1.5144802458857871 8.8854783300492652 -15.073530921667919 1.5197139060718501 9.1378314576525312 -15.080317944628677 1.5228161358159766 10.121680775264901 -15.021333894360934 1.5271769729820674 11.151895283411784 -14.83930928740374 1.529038998754841 8.6434538223373014
