BS2026_GAUSS_FIXTURE_V1 guard-rho-plus-0.15-g3-n32 32 3 6 accepted f47a6f789fa463abdfdb8d0b158a78bd228bbe85881199d601d086f49396ba6a
30000 210 0.065933263948041193 1 10000000000 100
-4.6051701859880909 -1.3862943611198906 0.037
0.29955882827377411 0.40455439185938541 8.289799046039942
0 0.03125 0.0625 0.09375 0.125 0.15625 0.1875 0.21875 0.25 0.28125 0.3125 0.34375 0.375 0.40625 0.4375 0.46875 0.5 0.53125 0.5625 0.59375 0.625 0.65625 0.6875 0.71875 0.75 0.78125 0.8125 0.84375 0.875 0.90625 0.9375 0.96875 1
11.822405049182802 -14.519782687207032 1.529987622089463
12.096964355454807 -14.166869794443413 1.5246221307067351
12.095196838803728 -13.878066499232553 1.5153472241574193
12.090481551820496 -13.731797977385993 1.5095086878004773
12.076045024017395 -13.517950715233955 1.4987195127760489
12.05868369817173 -13.355141765570526 1.4870765913787978
12.047818171313304 -13.271115871130318 1.4801876709932025
12.027840204586099 -13.145170534224885 1.4681568748486813
12.005437271048429 -13.047279631813907 1.4561024256870077
11.991749535224949 -12.99674739122125 1.4491612068377462
11.967114678581591 -12.920984669612285 1.4373622152227423
11.940439130577172 -12.863119051847779 1.4260257564987615
11.924374547214466 -12.83373021890028 1.4196054420088455
11.895844288261069 -12.790601356958472 1.4088785434495226
11.865637363923332 -12.759765191547823 1.3988592524086549
11.84761830086255 -12.744830975452086 1.3932512322718957
11.815902865034774 -12.724345831605399 1.3839986088101925
11.7828358690768 -12.712636568132268 1.3755414814820646
11.763240137898798 -12.707997710652682 1.370852770632315
11.728966566835187 -12.703765579024498 1.3631971821676869
11.693619120852322 -12.70592607379421 1.356332546850284
11.6727698572506 -12.708777535678607 1.3525610933004955
11.636468982475808 -12.716416065930796 1.3464651598985522
11.599323165344407 -12.728755373368092 1.3411079171746187
11.577487068399192 -12.737111242786401 1.3381948990028318
11.539593320205288 -12.753486811026669 1.3335415790358194
11.501037791026913 -12.773327871636017 1.3295549137084128
11.478428437218708 -12.785740421846548 1.3274176204282242
11.439287110300929 -12.80855498667767 1.3240594951952818
11.399626538624677 -12.833917849043781 1.321292127045993
11.376410269434812 -12.849313153922136 1.3198427939923614
11.33628832535957 -12.87685612857539 1.3176295411712919
11.295754941871776 -12.906260014407119 1.3159354331658517
11.27205766484607 -12.923833686592834 1.3150909529881425
11.231155553159793 -12.954821578893172 1.3138830118947828
11.189920886354104 -12.987153255536255 1.3131304211758899
11.165834807159655 -13.0063003557683 1.3128166049866004
11.124297863375901 -13.039767529636721 1.3124907689841145
11.082483625018424 -13.074189807905634 1.3125652962488459
11.058073401225336 -13.094455739216327 1.3127181156318639
11.01600210877926 -13.129677165144308 1.313168750904363
10.973689769429049 -13.165563243904025 1.3139732741363075
10.948997875750548 -13.18660831405175 1.3145385684078024
10.906456728081432 -13.22304344361457 1.3156766742327026
10.863695664879947 -13.259928686617034 1.317129841497318
10.838746932355697 -13.281501963718762 1.3180623405911804
10.795771883983106 -13.318753107837956 1.3198136986978006
10.752586165046804 -13.356298971354702 1.3218478953762496
10.727391546516124 -13.378218654923142 1.3231100169380052
10.683996168664727 -13.415999601466407 1.3254130904969739
10.640390122325835 -13.453966233844969 1.3279723484631107
10.614949775932915 -13.476104695820039 1.329532999182274
10.571130283731669 -13.514216703674117 1.3323369044171649
10.527093028198406 -13.552441843652971 1.3353749692253425
10.501398821455844 -13.574714072927771 1.3372084534151483
10.457138149471294 -13.613027263393221 1.3404711417580055
10.412647255721557 -13.65140977839572 1.3439497794213666
10.38668478855864 -13.673764339932617 1.346034850690615
10.341955880089786 -13.712203089507547 1.3497215430818541
10.296980323870207 -13.750689975274417 1.3536091002289685
10.270730558243512 -13.773101850457616 1.3559281587849545
10.225499013466036 -13.811633187136454 1.3600100270549271
10.180001550154405 -13.850209181974353 1.3642802270872874
10.153442120751876 -13.872674034343845 1.3668186503442266
10.107668326079335 -13.911298317611205 1.3712717206971505
10.061607399661886 -13.949977518314876 1.3759026667198462
10.034713667357172 -13.972507054209508 1.378648255649225
9.9883545066507935 -14.01125041600663 1.3834525031201066
9.9416857834605565 -14.050069449011424 1.388425856221313
9.9144316815740243 -14.072687632081207 1.3913683793802389
9.867441910573266 -14.111595796856454 1.3965069826125962
9.8201195106320025 -14.150608217388553 1.4018072862892073
9.7924782241270627 -14.1733481599959 1.4049381050689507
9.7448115731602272 -14.212481362880801 1.4103968340589257
9.6967890571271251 -14.251753040309795 1.416010959484489
9.6687335666477541 -14.274654440736363 1.4193227204686565
9.6203436232636683 -14.314083235175694 1.4250894340884952
9.5715747809220204 -14.353688543890973 1.4310061251274584
9.5430782969177592 -14.376795571075025 1.4344925078656334
9.4939192092660285 -14.416597368867917 1.4405567420756606
9.4443586858310056 -14.456616047574757 1.4467662428351002
9.415394992719996 -14.479975598476384 1.4504217535223829
9.3654220259567058 -14.52023182193043 1.4567743848007324
9.3150258154457291 -14.560746395189842 1.4632681358330515
9.2855695448431579 -14.584406666242131 1.467087939226865
9.2347395267077044 -14.625200417437291 1.4737209107502787
9.183465565082809 -14.666294079402132 1.4804913025273969
9.1534937525679219 -14.690303303598162 1.4844710846916085
9.1017698300575791 -14.731717140660658 1.49137718118257
9.0496765785955198 -14.773464570838406 1.4984172702268983
9.0198700360885642 -14.797816434801369 1.5025525442891685
8.969533352421454 -14.8397539823569 1.5097232901258342
8.9717869338846832 -14.877989785568488 1.5169823214874287
9.1719501102848895 -14.884255513365117 1.5210458808349898
9.8575556177829622 -14.867551831552582 1.5277512373344515
11.317634860781855 -14.677718752174101 1.5306929331456489
22.685090575739071 29.158949468488096 -0.44331645374986628
-0.14603866781377531 23.861980857204951 -0.76632658353344874
-0.14603866781377531 23.861980857204951 -0.76632658353344874
-1.1927985441806266 17.668840212200465 -0.89144096403047124
-1.4344560185245365 13.451868814079582 -0.96198060101878069
-1.4344560185245365 13.451868814079582 -0.96198060101878069
-1.6506524250784183 10.406062770500926 -0.99402822633274979
-1.8510120212818704 8.0881031420358251 -0.99598252481847072
-1.8510120212818704 8.0881031420358251 -0.99598252481847072
-2.0354216430066079 6.2597921931706288 -0.9748756912416191
-2.2040310010042496 4.7810682436252741 -0.93665953798283341
-2.2040310010042496 4.7810682436252741 -0.93665953798283341
-2.3572739795092166 3.5634637662186499 -0.88629545550322975
-2.4958061845375905 2.5477963753885735 -0.82783034329783234
-2.4958061845375905 2.5477963753885735 -0.82783034329783234
-2.6204449019452625 1.6925572472081454 -0.76448547361929453
-2.7321157259592375 0.96746202512615453 -0.69875868370337169
-2.7321157259592375 0.96746202512615453 -0.69875868370337169
-2.8318073588143799 0.34967414005148983 -0.63253262141698696
-2.9205348186155118 -0.17850795227008201 -0.56718118959122354
-2.9205348186155118 -0.17850795227008201 -0.56718118959122354
-2.9993105803847322 -0.63112320973293967 -0.5036682356334119
-3.0691227974653263 -1.0195185537787474 -0.44263491949621336
-3.0691227974653263 -1.0195185537787474 -0.44263491949621336
-3.1309195878479055 -1.3530091323571467 -0.38447425571868554
-3.1855983447906522 -1.6393407426367121 -0.32939281962555417
-3.1855983447906522 -1.6393407426367121 -0.32939281962555417
-3.2339990890883485 -1.8850224990273223 -0.27746054616885069
-3.2769009835348344 -2.0955721291967184 -0.22865004277377235
-3.2769009835348344 -2.0955721291967184 -0.22865004277377235
-3.3150212527121283 -2.2757009522574423 -0.18286701476156814
-3.3490158765582851 -2.4294562163214795 -0.13997337795725581
-3.3490158765582851 -2.4294562163214795 -0.13997337795725581
-3.3794815442274073 -2.5603326040166041 -0.099804495739333338
-3.4069584602633802 -2.6713609641305265 -0.062181788176699476
-3.4069584602633802 -2.6713609641305265 -0.062181788176699476
-3.4319336859057157 -2.7651798834565966 -0.026921758106077658
-3.4548447742475252 -2.8440940901123217 0.0061577142430488578
-3.4548447742475252 -2.8440940901123217 0.0061577142430488578
-3.4760835199375424 -2.9101225823732109 0.037233128652858057
-3.4959996937054876 -2.9650386218041547 0.066472641684443848
-3.4959996937054876 -2.9650386218041547 0.066472641684443848
-3.5149046709554521 -3.0104032002925765 0.094034451329287061
-3.533074893770221 -3.0475932132128989 0.12006597578899479
-3.533074893770221 -3.0475932132128989 0.12006597578899479
-3.5507551285227623 -3.0778252970838276 0.14470358997728361
-3.5681614983315706 -3.1021760878790916 0.16807274364892302
-3.5681614983315706 -3.1021760878790916 0.16807274364892302
-3.5854842820446153 -3.1215995043417921 0.19028833149816507
-3.6028904803088722 -3.1369415448267941 0.21145522093859909
-3.6028904803088722 -3.1369415448267941 0.21145522093859909
-3.6205261554068406 -3.14895299646667 0.23166886995362712
-3.6385185555841861 -3.1583003849503295 0.25101598734444119
-3.6385185555841861 -3.1583003849503295 0.25101598734444119
-3.6569780370797842 -3.165575437072305 0.26957520246935252
-3.6759997984131894 -3.1713032829916816 0.28741772240399682
-3.6759997984131894 -3.1713032829916816 0.28741772240399682
-3.6956654420033725 -3.1759495883251208 0.30460796232231147
-3.7160443781300905 -3.1799267759461887 0.32120414054834379
-3.7160443781300905 -3.1799267759461887 0.32120414054834379
-3.7371950857899128 -3.1835994723038752 0.3372588337283331
-3.7591662442802005 -3.1872892921720681 0.35281949035319154
-3.7591662442802005 -3.1872892921720681 0.35281949035319154
-3.7819977484687355 -3.1912790582120687 0.36792890274910534
-3.8057216197474379 -3.1958165369584974 0.38262563889248769
-3.8057216197474379 -3.1958165369584974 0.38262563889248769
-3.8303628236791529 -3.2011177603486765 0.39694443617670855
-3.8559400043637164 -3.2073699913268339 0.41091655969667357
-3.8559400043637164 -3.2073699913268339 0.41091655969667357
-3.8824661445980504 -3.2147343830619475 0.42457012782265147
-3.9099491600017027 -3.2233483736759765 0.43793040787959947
-3.9099491600017027 -3.2233483736759765 0.43793040787959947
-3.9383924344327945 -3.233327851882196 0.45102008468549187
-3.9677953032359459 -3.2447691234159102 0.4638595045701619
-3.9677953032359459 -3.2447691234159102 0.4638595045701619
-3.9981534901438152 -3.2577507034571989 0.47646689732229663
-4.0294595029976499 -3.2723349562811617 0.48885857831593293
-4.0294595029976499 -3.2723349562811617 0.48885857831593293
-4.0617029928513286 -3.2885696000211775 0.50104913286265074
-4.0948710803876089 -3.3064890916014149 0.51305158463085854
-4.0948710803876089 -3.3064890916014149 0.51305158463085854
-4.1289486514090008 -3.3261159043994106 0.52487754977373646
-4.1639185924474473 -3.3474617069311994 0.53653737818856762
-4.1639185924474473 -3.3474617069311994 0.53653737818856762
-4.1997613594886003 -3.3705284055078746 0.54804028258239335
-4.2364415886357252 -3.395308126389462 0.55939444480167178
-4.2364415886357252 -3.395308126389462 0.55939444480167178
-4.2736189969722957 -3.4217621599060055 0.57060686286497475
-4.3041343010634598 -3.44932483894131 0.58167781598934154
-4.3041343010634598 -3.44932483894131 0.58167781598934154
-4.1590002676486044 -3.4650330296182013 0.59247315637955666
0.18619911416333906 -3.1591814201033008 0.59976762822512375
0.18619911416333906 -3.1591814201033008 0.59976762822512375
56.647225868973642 1.3801190715796436 0.55402099312639552
120.63706863526082 15.68470090649871 0.24305362957601359
120.63706863526082 15.68470090649871 0.24305362957601359
11.616019152939964 -14.344551240071969 1.5290112992133733 11.867350069002926 -13.809899943915456 1.5161656237500358 11.832175829112595 -13.450358879922991 1.4988204848698303 11.785556123416246 -13.211467418305201 1.4796621457080485 11.730579479086876 -13.052031405030297 1.4609355708483382 11.668362475601729 -12.949902119783491 1.4429113448692903 11.599685591946113 -12.890098316049059 1.4270100810982316 11.525779285817899 -12.863110348934725 1.4127845061978412 11.447059558854534 -12.86134631833934 1.401164665814967 11.364756385049192 -12.8795887558448 1.3913887222676724 11.278907683080426 -12.913485800361299 1.3841111364230565 11.190692118654217 -12.959756944204173 1.378528374237368 11.09982968298765 -13.015877083771869 1.3751128369361658 11.007424009414677 -13.079569064248105 1.3731765366699549 10.912970193407151 -13.149482542547505 1.3730269667862927 10.817476017671783 -13.223893168504693 1.3741746940107755 10.720312937161667 -13.302252383205635 1.3767486025108808 10.622366419051714 -13.383153806230297 1.3804968128615682 10.52298064447446 -13.466602397442999 1.385353116291745 10.422887254056873 -13.55139076108771 1.3913138035072743 10.321487704559202 -13.637893139002019 1.3981120596201957 10.21932782336385 -13.725050483792293 1.4059816557969769 10.115935058784615 -13.813459053676105 1.4144658902300069 10.011642458867829 -13.902198533854515 1.4240076412745835 9.9061537843664365 -13.99196461113346 1.433987874209113 9.7995722318115739 -14.081989204669645 1.4450154195526881 9.6918082543540098 -14.172964617964732 1.4563512596089745 9.5827315542840772 -14.264298923637913 1.468715559629467 9.4724694062947012 -14.356596904960634 1.4813028303970299 9.3606917426713725 -14.449466626061497 1.4948825031661581 9.2503491033134981 -14.543228533626005 1.5086408855301408 9.4488667203048156 -14.621403255098183 1.5231135391036461 11.711853342611308 -14.278394893610944 1.5280094734943985 11.859643992712273 -14.057182708380807 1.5238060667935989 11.866129705857826 -13.859981037293092 1.5179394592300044 11.864424224733927 -13.76134270926207 1.5144609753879057 11.852108928409784 -13.611283719528549 1.5077530559662953 11.836708848599343 -13.483988713750499 1.5008415673076181 11.827458783415235 -13.418414401776072 1.4966209293230954 11.809875554485549 -13.319080104110762 1.4893186057873793 11.791324485876594 -13.233715142305117 1.4819287623163873 11.779680354206139 -13.190072659772595 1.4775683701100215 11.759117978991341 -13.123353822392849 1.4702563707289589 11.737122335890719 -13.066979539178309 1.462876813054228 11.723969308212146 -13.037951836596557 1.4588251937911061 11.700287555361317 -12.994976051979721 1.4516654189188687 11.675696276148368 -12.958928560054852 1.4450264856600907 11.66089702429063 -12.941285144663006 1.4410104459040276 11.634748693915547 -12.915296101747421 1.4348132104945073 11.60777689158289 -12.895155968430318 1.4285264467254188 11.591603678310859 -12.885566026888487 1.4253214060263784 11.563402185909784 -12.873077621310127 1.4195255527241211 11.534241355591632 -12.864711249960012 1.4144503172582625 11.517153542471851 -12.861742693168692 1.4113481678883946 11.486866552946973 -12.859423556640802 1.4067815586506587 11.456281650441287 -12.860465463105465 1.4022130058781439 11.437920830711748 -12.86254167509923 1.3999453853108739 11.406442778331552 -12.868233104077039 1.3959443537629903 11.374042693518115 -12.876725690943724 1.3924928975385855 11.35527167174936 -12.882619413615659 1.3905032480506412 11.322108873828201 -12.894867156959222 1.3875087874304721 11.288886844872868 -12.908904039321937 1.3847630572833585 11.269073209592072 -12.918223659742727 1.3833070228124091 11.235183600627915 -12.935161487325841 1.3810973521856516 11.200615625396358 -12.95412447441792 1.3790771652825948 11.180543460676926 -12.96554842811428 1.3781618927433712 11.145480397423897 -12.98682809980752 1.3765370794330767 11.110278673786139 -13.009010125023199 1.3754350248594933 11.089563882940567 -13.02277348326319 1.3746786791107308 11.053850896391763 -13.04679363958269 1.3740216768158056 11.017859257569693 -13.072175263690781 1.3732560915331835 10.99675497761114 -13.087139037131697 1.3732224014794943 10.960427641930883 -13.113910570871589 1.3728187946430976 10.923717000017588 -13.141254948340473 1.3730401640686001 10.902416616292086 -13.157642886628926 1.3729581478582813 10.8653193546513 -13.186155897058883 1.3735133295320558 10.828310698164298 -13.215363728129612 1.3739083858963825 10.80642102883297 -13.232619580869184 1.3744995323937783 10.769138920947031 -13.262640216647249 1.3752412643997216 10.731298064233449 -13.293241412203194 1.3764464286268105 10.709504543278626 -13.311131365616125 1.377056493375646 10.671382331711317 -13.342456827769624 1.3785022299585197 10.633488819700684 -13.373910204989858 1.3799937709615007 10.611055500740752 -13.392606060720205 1.3809936266573424 10.572888316924418 -13.424544590554413 1.3828068646259961 10.534218276547676 -13.45712649922085 1.3847441713646322 10.511885114469802 -13.475911817691944 1.3860232607203471 10.473007563120165 -13.508911480899824 1.3881524573314206 10.434209132720481 -13.541738360765741 1.3906284591484985 10.411418389417829 -13.561251267124064 1.3919388077707726 10.372328176087823 -13.594400866710993 1.3946846060970179 10.333008254416573 -13.628097113746019 1.3972471763502889 10.310066651588397 -13.64751160002845 1.3990822462764665 10.270563142696938 -13.681424665612163 1.4018345513724284 10.230817621310875 -13.715200499356065 1.4051066105860914 10.207734419737145 -13.73509923737306 1.4067548230353286 10.167694399090736 -13.769124161134208 1.410225263437471 10.127739847858848 -13.80340157526676 1.4134294162466052 10.104185848127825 -13.823342581082491 1.4156412913890666 10.064017589715613 -13.857734933816593 1.4190563169119743 10.023338065855809 -13.89225909173266 1.4229038307282378 9.9998854903701471 -13.91232304710638 1.4249772830505649 9.9589308682188751 -13.947054145995033 1.4289589973888321 9.9182059362891426 -13.981687775081607 1.4328591289662274 9.8941127853882698 -14.002080089168283 1.4352827924797666 9.8531094487976034 -14.036816847302086 1.439404749617496 9.8115582038616509 -14.071963595526091 1.4436596804503654 9.7875681646905441 -14.092182504774465 1.4462099873166674 9.7457644678369668 -14.127499752029959 1.4505690099500557 9.7040609145495313 -14.162523538792927 1.4551635114953412 9.6795187809869088 -14.18326582516133 1.457728277439958 9.6374721147818683 -14.218443996772397 1.4625232287932772 9.595091512567171 -14.254113569294065 1.4671341618797338 9.5704013622639401 -14.274626873347001 1.4701141005417058 9.527766587389678 -14.310441663366085 1.474840632741832 9.4849083111106811 -14.346046119884184 1.4800290056478873 9.4599405638559553 -14.367042147942145 1.4827819407262588 9.4167048219478904 -14.402873853642378 1.4881202170280656 9.3734565605442004 -14.439024845465804 1.4931486018669864 9.348059039620038 -14.460008061504109 1.4964224613403547 9.3045857446298861 -14.496311253333344 1.5016017152595509 9.2620081941728412 -14.532640543774203 1.5072177168205425 9.2436913441434978 -14.553266622504426 1.5102641124340679 9.2142821776030353 -14.58967545462802 1.5159738746483691 9.3475399650759403 -14.617153637350537 1.5213987403110294 9.6079812939241815 -14.622912805975552 1.524580064309867 10.572303953468694 -14.567983854153859 1.5286729487291539 11.488544227159652 -14.411304498085077 1.5296040820735597 8.5351814801526977
