BS2026_GAUSS_FIXTURE_V1 guard-rho-minus-0.15-g3-n32 32 3 6 accepted f47a6f789fa463abdfdb8d0b158a78bd228bbe85881199d601d086f49396ba6a
30000 210 0.043034320843767043 1 10000000000 100
-4.6051701859880909 -1.3862943611198906 0.037
0.29955882827377411 0.40455439185938541 8.289799046039942
0 0.03125 0.0625 0.09375 0.125 0.15625 0.1875 0.21875 0.25 0.28125 0.3125 0.34375 0.375 0.40625 0.4375 0.46875 0.5 0.53125 0.5625 0.59375 0.625 0.65625 0.6875 0.71875 0.75 0.78125 0.8125 0.84375 0.875 0.90625 0.9375 0.96875 1
11.17292920377103 -15.323095644064892 1.5287494181607129
11.718771703782199 -14.84767111875621 1.5266261836598718
11.760023854442364 -14.439421014775041 1.5196540527385562
11.768067640703377 -14.237344459416367 1.5149755253985426
11.754457894549414 -13.951160163577969 1.5058699360735128
11.735446616790989 -13.743597734029331 1.4956027122965643
11.723323300881733 -13.638120891235074 1.4894474812315277
11.70067290446759 -13.48321302881598 1.4785623047074488
11.674674312270039 -13.366425382586367 1.4674753411481747
11.658649310464797 -13.306914155413118 1.4610573116511092
11.629578117397164 -13.219191965005674 1.4500887702859844
11.597710239057099 -13.154411259427173 1.4394783262375339
11.578428336042984 -13.12210510439753 1.4334575051239964
11.544034115233444 -13.075865977226666 1.4233774475505281
11.50737337612304 -13.044860775463542 1.4139447693581906
11.485449160322643 -13.030500361916875 1.4086646076890206
11.446767514395656 -13.012156122104546 1.3999520542726147
11.406293835883796 -13.004419073989615 1.391997932245526
11.382278424234425 -13.002516421752544 1.387592997208543
11.340223340587062 -13.003715021297973 1.3804095966604775
11.296778558654283 -13.012468766939715 1.373990195286092
11.271140058376497 -13.019426424125408 1.3704706517658176
11.226478347593803 -13.034582609466606 1.3647951711396533
11.180754016260373 -13.055170826136051 1.3598346228315061
11.153873517900895 -13.068494460871765 1.3571456432810345
11.1072232404531 -13.093692804027077 1.3528655357548407
11.059767117802258 -13.122802062974619 1.3492284200890501
11.031944159649802 -13.140707746894352 1.3472875473306647
10.983786918288615 -13.173131221638194 1.34425486992371
10.935019175335245 -13.208358622547154 1.3417882812376314
10.906481872639487 -13.22954936005393 1.3405066418559011
10.857181412506044 -13.267143752133942 1.3385688874787425
10.807414436238926 -13.306730824984664 1.3371243849164003
10.77833109628067 -13.33025662765343 1.3364174665968753
10.728153416955198 -13.371515779777011 1.3354326502406058
10.67761158413199 -13.414172644063536 1.3348761488176075
10.648101985707012 -13.439336969758639 1.3346684353261666
10.597234329266147 -13.483157101182607 1.3345111310654376
10.546071918332535 -13.527940613568401 1.3347261376496005
10.516217373594811 -13.554235016933053 1.3349524130038839
10.464784890132925 -13.599812002759112 1.3355149997905444
10.413101419454796 -13.646038604488291 1.3364024823682668
10.382953309593073 -13.673095742364827 1.3370074872010285
10.331033051771584 -13.719850769646387 1.3381990986932797
10.278885959012509 -13.767032776506781 1.3396758519759928
10.24847274777375 -13.794591917458371 1.3406132327219256
10.196105093358481 -13.842116668996013 1.3423577805671374
10.143519977969207 -13.88991493928078 1.3443542784121831
10.112852854570177 -13.917796258967615 1.3455853223409944
10.060050655760641 -13.965811911621799 1.3478192967065334
10.00702942612191 -14.014000222491122 1.3502775210877569
9.9761067816071893 -14.042085405832005 1.3517699162627608
9.9228626008607321 -14.09041159365121 1.3544402954734187
9.8693898867353607 -14.138849529967633 1.3573117588379744
9.83820083057749 -14.167066973688193 1.3590384811244116
9.7844926129243781 -14.215598047753751 1.3621008845189604
9.7305407751173938 -14.264210165802545 1.3653449210036106
9.6990678786801947 -14.292523582139145 1.3672832801626962
9.6448633699522901 -14.341210283568195 1.3707003987877278
9.5903963919418604 -14.389969959138691 1.3742827310640906
9.5586178171717737 -14.418369525968735 1.3764135745095245
9.5038779876016992 -14.467204725329434 1.3801538679900835
9.4488544836907487 -14.516121543001516 1.3840454263961048
9.4167456266078204 -14.544616984718692 1.3863524850177855
9.3614273105204155 -14.593624515229097 1.3903891143545319
9.3058028388959606 -14.642734369384009 1.3945650744826448
9.2733375915241254 -14.671349520794118 1.3970344304699158
9.2173955108900198 -14.720575396184653 1.4013443916299892
9.1611243405514049 -14.769932695945775 1.4057833954525765
9.1282760530348579 -14.798701220299654 1.4084030521398503
9.0716643568471422 -14.848206714928114 1.4129664767094703
9.0147008051121542 -14.897878242628906 1.4176500052872885
8.9814430119831492 -14.926840259348635 1.4204095410361093
8.9241164345645103 -14.976696460941481 1.4252091340807447
8.8664158661901915 -15.026756545835688 1.430121004239461
8.832722826666128 -15.055955983689962 1.4330112949418838
8.7746375452744587 -15.106239523841278 1.4380318847148923
8.716157104162841 -15.156766272949831 1.443157846523508
8.6820041953774965 -15.186248807537288 1.446170843849989
8.6231184498360083 -15.237038543040526 1.4513990222649089
8.5638175789661144 -15.288110928700235 1.4567264381740013
8.5291815731873939 -15.317922394115554 1.459854992946463
8.4694560986091503 -15.369296861118606 1.4652788294617844
8.4092969145122698 -15.420992504620733 1.4707964193776457
8.3741562516045889 -15.451177683824296 1.4740341413120757
8.3135548402318822 -15.503213157306357 1.4796429558637085
8.2525059147850452 -15.555606356327061 1.4853405935887227
8.2168555114923159 -15.586206737703781 1.4886817336832174
8.1553921228809028 -15.638971494477966 1.4944658960716077
8.0940703832455885 -15.69207263681646 1.5003341783155411
8.060738649460836 -15.722864432529581 1.503772417029305
8.0075161634947367 -15.775579039759137 1.5097196134953648
8.067591650930062 -15.818073634817324 1.5157030076436346
8.3218902463961744 -15.820032212202399 1.5190890399863437
9.1357097647620851 -15.784268252019158 1.5247417177886542
10.590698439160358 -15.534207757481241 1.5283246532766397
45.099496793504429 39.281307069847465 -0.1754293730528125
3.4084030400438903 33.731111547872302 -0.57606286817775954
3.4084030400438903 33.731111547872302 -0.57606286817775954
-1.1244868309420781 23.645589583535084 -0.75233697734921845
-1.5707810591681133 17.149564436058114 -0.84831544959799765
-1.5707810591681133 17.149564436058114 -0.84831544959799765
-1.8714583060686789 12.799052188709242 -0.89937295783010252
-2.1480984449269362 9.649420989654411 -0.91604533813497135
-2.1480984449269362 9.649420989654411 -0.91604533813497135
-2.4019679275802575 7.2479270942051492 -0.90626086483875234
-2.6330402579207606 5.3524180023702161 -0.8766735593709678
-2.6330402579207606 5.3524180023702161 -0.8766735593709678
-2.8417758805573583 3.820445215486254 -0.8328510956982359
-3.029043883397335 2.5617627749200924 -0.77936225171321583
-3.029043883397335 2.5617627749200924 -0.77936225171321583
-3.1960185702210939 1.5156679528956987 -0.71986291807324587
-3.3440828338387236 0.63926311462262275 -0.65719855241846792
-3.3440828338387236 0.63926311462262275 -0.65719855241846792
-3.4747442899113206 -0.099032663001998422 -0.59351873475831574
-3.5895662273123654 -0.72326636986460446 -0.53039433846646422
-3.5895662273123654 -0.72326636986460446 -0.53039433846646422
-3.6901133242562207 -1.2522592729278745 -0.46892889486627687
-3.7779109071113619 -1.7010734994959285 -0.40985858102424966
-3.7779109071113619 -1.7010734994959285 -0.40985858102424966
-3.8544159498935637 -2.0819789523742047 -0.35363808360376153
-3.9209978176488178 -2.4051130693178235 -0.30051175257251866
-3.9209978176488178 -2.4051130693178235 -0.30051175257251866
-3.9789268008782477 -2.6789456577936224 -0.2505708606198449
-4.0293686675312239 -2.9106162570788743 -0.20379854726669439
-4.0293686675312239 -2.9106162570788743 -0.20379854726669439
-4.0733837025533743 -3.106185694648997 -0.16010432921122286
-4.1119289658378362 -3.2708282426868776 -0.11935006650678071
-4.1119289658378362 -3.2708282426868776 -0.11935006650678071
-4.1458627494163087 -3.4089815264696082 -0.081369116733974803
-4.1759504386365043 -3.5244655996403114 -0.04598017585947628
-4.1759504386365043 -3.5244655996403114 -0.04598017585947628
-4.2028711734627224 -3.6205789703179168 -0.012997051351279973
-4.2272248639509087 -3.7001770166367858 0.017764627622133836
-4.2272248639509087 -3.7001770166367858 0.017764627622133836
-4.2495392405753867 -3.7657366842594779 0.04648297078470795
-4.2702767191594537 -3.819410317842642 0.073327045196106555
-4.2702767191594537 -3.819410317842642 0.073327045196106555
-4.2898409359663452 -3.8630707629428662 0.098455284578947713
-4.308582865259277 -3.8983493719670048 0.12201473856864496
-4.308582865259277 -3.8983493719670048 0.12201473856864496
-4.3268064731792775 -3.9266681864091151 0.14414090135824051
-4.3447738914358052 -3.9492673021957856 0.16495792863149783
-4.3447738914358052 -3.9492673021957856 0.16495792863149783
-4.3627101148259673 -3.9672282258544964 0.18457910428984939
-4.3808072402398253 -3.9814938768801449 0.20310745791402163
-4.3808072402398253 -3.9814938768801449 0.20310745791402163
-4.3992282733544261 -3.9928857730022238 0.22063646316663915
-4.4181105340601992 -4.0021188411340791 0.23725076885694388
-4.4181105340601992 -4.0021188411340791 0.23725076885694388
-4.4375686938664449 -4.0098142214285941 0.2530269300577202
-4.4576974789062564 -4.0165103707061194 0.26803411796351767
-4.4576974789062564 -4.0165103707061194 0.26803411796351767
-4.4785740713073476 -4.0226727214183002 0.28233479523759031
-4.5002602400563854 -4.0287021109548302 0.29598534926793363
-4.5002602400563854 -4.0287021109548302 0.29598534926793363
-4.5228042303815119 -4.0349421617644969 0.30903667968284859
-4.5462424383379867 -4.0416857641266333 0.32153473914269626
-4.5462424383379867 -4.0416857641266333 0.32153473914269626
-4.5706008948641594 -4.0491807894517455 0.33352102818199209
-4.5958965811861319 -4.0576351419018426 0.34503304598628282
-4.5958965811861319 -4.0576351419018426 0.34503304598628282
-4.6221385951592158 -4.0672212392537359 0.35610469964298735
-4.649329185985148 -4.0780799997565849 0.36676667474413205
-4.649329185985148 -4.0780799997565849 0.36676667474413205
-4.6774646727589824 -4.0903243998249117 0.3770467703426611
-4.7065362604892762 -4.1040426574047677 0.38697020124536852
-4.7065362604892762 -4.1040426574047677 0.38697020124536852
-4.7365307655991664 -4.1193010874507214 0.39655987051618924
-4.7674312614494383 -4.1361466689066333 0.40583661490007722
-4.7674312614494383 -4.1361466689066333 0.40583661490007722
-4.7992176531138826 -4.1546093566804139 0.41481942568537145
-4.8318671894220344 -4.1747041671557357 0.42352564731870279
-4.8318671894220344 -4.1747041671557357 0.42352564731870279
-4.8653549186387446 -4.1964330615961876 0.4319711558823664
-4.8996540862869002 -4.2197866477041455 0.44017051934367563
-4.8996540862869002 -4.2197866477041455 0.44017051934367563
-4.9347363922321037 -4.2447457092930208 0.44813714125635301
-4.970571053411093 -4.2712824822445894 0.45588338891375657
-4.970571053411093 -4.2712824822445894 0.45588338891375657
-5.0071094827340836 -4.2993604737714453 0.46342070080938852
-5.0440847266017554 -4.3289170615833896 0.47075959512965726
-5.0440847266017554 -4.3289170615833896 0.47075959512965726
-5.0783291838608733 -4.3596165173995676 0.47790857817588533
-5.0666256291848892 -4.3874099187537574 0.4848588672340966
-5.0666256291848892 -4.3874099187537574 0.4848588672340966
-4.3974357715297963 -4.3554729792412363 0.491379047886355
4.963655730182631 -3.5110583245692548 0.4943698323209354
4.963655730182631 -3.5110583245692548 0.4943698323209354
67.240734750929022 2.9549487399279832 0.46704484244959793
120.21646730378497 20.660909458981262 0.29603518881073515
120.21646730378497 20.660909458981262 0.29603518881073515
11.016410178157573 -15.14683323022534 1.5281767520923362 11.586263345391618 -14.337337568303006 1.5187858897209696 11.554618579140968 -13.827393822542524 1.5021524686650942 11.500423562434895 -13.516485374535501 1.4828203518871499 11.433903135322311 -13.323566297763005 1.4635997188461134 11.356861529772145 -13.210281362624183 1.4450879279116198 11.270734153427467 -13.153444691552741 1.4288753889718624 11.177347798149095 -13.138720862194464 1.414576767042357 11.077631383307477 -13.155405423421836 1.4031181018246193 10.973236055366851 -13.196166277380991 1.3936991862027672 10.86453190345425 -13.255178831507195 1.3869226661288221 10.752949854069291 -13.328130358676127 1.3819319535691754 10.638394184701561 -13.411777660615003 1.3791512726299548 10.522097317569227 -13.503354048621047 1.3778516782281678 10.403639327747138 -13.601187318156288 1.3783071848449355 10.284079420989602 -13.703354267045686 1.3800016183441723 10.162815525342758 -13.809197154288331 1.3830427525850282 10.04074163047459 -13.91726495715578 1.3871620863312981 9.9171980449054757 -14.027563493473433 1.3922802538074615 9.7929044638649643 -14.138917269155764 1.3983830020149333 9.6672456294434301 -14.251752496332905 1.4051949101476602 9.5407483659123997 -14.365073856409291 1.4129425634405228 9.4129206571859232 -14.479546839366314 1.4211631084504706 9.2840769393616913 -14.594321204945802 1.4302940268313646 9.1539041276075661 -14.710160144561428 1.4397114461015774 9.0224909438200953 -14.826358080947122 1.4500197860887729 8.8897361044961389 -14.943663165096135 1.4604759620851822 8.7555005177638296 -15.061531619497691 1.4717963685975557 8.6199066874596699 -15.180608051243798 1.4831720201459471 8.4826822789229137 -15.300527539541179 1.4953691047466058 8.3501733092009438 -15.421364761164586 1.5075704908363929 8.6134869481392045 -15.514866574077912 1.5203700096657624 11.195600746577565 -15.050998920311912 1.5278105807277069 11.517469301825912 -14.715600056586375 1.5252759229675272 11.58022513014626 -14.411942657881131 1.5203856682457768 11.585849540431866 -14.265506687541793 1.5172354769296197 11.576482446847519 -14.049286005775063 1.5108931131883716 11.559595963501831 -13.872910104672236 1.5041504614032839 11.549271900314508 -13.784534005392082 1.4999640773709912 11.529074868613062 -13.653673085580033 1.4926318908438982 11.507256933707543 -13.544501663174424 1.4851303562983258 11.493432084899062 -13.489809322333908 1.4806791416157572 11.468665747008847 -13.408101452095393 1.4731829653635762 11.44192347676425 -13.340972689756835 1.4656007297623121 11.425773788163584 -13.307311070026332 1.4614296830217486 11.396567155067636 -13.258762947263895 1.4540713509128937 11.366009102205494 -13.219747324196454 1.4472511806487312 11.347548957135805 -13.201403743536439 1.4431411764983086 11.314811748850957 -13.175746685428917 1.4368063008460659 11.280903972077104 -13.157633207508706 1.4304153229619609 11.260547955865146 -13.149899339586035 1.4271661837386902 11.224930287842302 -13.141617066904276 1.4213237125843647 11.188089803870891 -13.138583626995835 1.4162386086650336 11.166422872482201 -13.139169716156857 1.4131473792497671 11.1280978666812 -13.143635242065098 1.4086270268808772 11.089281573488801 -13.152209559462078 1.4041375872134469 11.066050659966596 -13.158967361845091 1.4019301656559846 11.026082742403647 -13.173146663308662 1.3980549273638103 10.9850557323833 -13.190612827554375 1.3947549160409791 10.961208294442732 -13.201920222515144 1.3928639866598582 10.919238763421079 -13.22375070999227 1.390055159831652 10.877116468268687 -13.247672404458143 1.3875126127796011 10.852085549647558 -13.262861171920097 1.3861816810213321 10.80917552660843 -13.290050056359311 1.3841966965841248 10.765525999598621 -13.319437684838036 1.3824110480149943 10.740144418226445 -13.336992757074748 1.3816357106896731 10.695923178171716 -13.368894292428921 1.3802554710932893 10.651525283112266 -13.401783144948908 1.3794011292567196 10.62544377141689 -13.421806121469253 1.3787894679263617 10.58048835619398 -13.45661514894333 1.378380492430674 10.535232022856221 -13.492811169702875 1.3778605015606484 10.508727400302119 -13.514073524962583 1.3779678713640866 10.463109109232041 -13.551665848256167 1.3778022418632403 10.417095216664258 -13.589818538406282 1.3782546677302352 10.390375891401886 -13.612486753755862 1.3783033377171461 10.343961179269453 -13.651767825533822 1.3790756320151945 10.297628405343707 -13.691708928272496 1.3796773234592521 10.270309686198205 -13.71519310200261 1.3803834330190641 10.22369542817944 -13.755881259071504 1.3813128659071259 10.176518207553487 -13.797104246783386 1.3826924538519745 10.149289241355783 -13.821154034168632 1.3833975469169104 10.101824564528567 -13.863025255108409 1.3849948456245644 10.054584587639708 -13.904975831513289 1.3866224640793985 10.026709770622086 -13.929758710803425 1.3876940921622838 9.9791890308891436 -13.97211884591853 1.3896174378646593 9.931160144950459 -14.015076601602473 1.3916476110418894 9.9033775095131258 -14.039880289525874 1.3929725739773859 9.8551311329449494 -14.08318795516406 1.3951661763811614 9.8069563596804503 -14.126283630802295 1.3976879227452774 9.7787048318572136 -14.151756057148194 1.3990161098907352 9.7302242891340889 -14.195119076011377 1.4017771584169221 9.6815037832295907 -14.238998410401562 1.4043351455073239 9.6530859805918201 -14.264326872669255 1.406158255682465 9.6041633617266733 -14.30838287394543 1.4088737843547705 9.5549855479909045 -14.352281431350605 1.4120882424685728 9.5264063387119613 -14.378063785533014 1.4136932058696297 9.4769108596986769 -14.422187785923109 1.4170723966906513 9.4274847819402989 -14.466554621922251 1.4201636155332544 9.3984106348250016 -14.492364731467099 1.4222996594661028 9.3487432524137599 -14.536839543278305 1.4255668251009417 9.2985458566542523 -14.58144690298632 1.4292440314687223 9.2695449704520136 -14.607381061593541 1.431207922925599 9.2190408716826919 -14.652204457844624 1.4349832580414374 9.1687453532193235 -14.696940932785671 1.4386538720828246 9.1390721809126152 -14.723219276098607 1.4409332066436673 9.0884632123323996 -14.768082834592143 1.4447885291699778 9.0372832523149338 -14.81337584425108 1.4487530529855797 9.0076785171210965 -14.839509995934902 1.451123309700656 8.9562082716141553 -14.885010728533979 1.455153843907447 8.9048135424311212 -14.930245282881035 1.4593954976846411 8.8746197186170956 -14.956943774330163 1.4617436101591397 8.8228419520175532 -15.002381372505551 1.4661467378816713 8.7707045328986624 -15.048344266506465 1.4703409432978449 8.7403240772357815 -15.074864671706752 1.4730668066018966 8.6878912485201099 -15.121030909449862 1.4773368057308385 8.635209071830019 -15.167026023677222 1.4820432372091052 8.6045131252962399 -15.194087923341835 1.4845039167921972 8.5514155122453932 -15.240375677907613 1.4893196796658836 8.4983092417918247 -15.287023765336009 1.4937996707089214 8.4672400971277568 -15.314127695546922 1.4967423828428668 8.4141079281649134 -15.360986548599438 1.5013318914633533 8.3635337287765363 -15.407779430555223 1.5063316604130925 8.342275349762323 -15.434252159462567 1.5090102126384264 8.3224735531850254 -15.479878518107068 1.5140562037569634 8.494175720155809 -15.511290279086621 1.5188301489145677 8.7827010352633295 -15.51408494913 1.5216728369378933 9.7563706423814516 -15.442278841292948 1.5257927738260804 10.800084588781909 -15.237015530121759 1.5280603235877224 8.7223472630152123
