NDIM=   3, IPS =   1, IRS =   0, ILP =   0
ICP =  [1]
NTST=  80, NCOL=   4, IAD =   3, ISP =   2, ISW = 1, IPLT= 0, NBC= 0, NINT= 0
NMX= 1600, NPR=   20, MXBF=  10, IID =   2, ITMX= 8, ITNW= 7, NWTN= 3, JAC= 0
EPSL= 1e-08, EPSU = 1e-08, EPSS = 1e-06
DS  =   0.015, DSMIN= 1e-06, DSMAX=   0.035, IADS=   1
NPAR=   9, THL =  {11: 0.0}, THU =  {}
UZR =  {1: [-7.60090245954208221e+00, 6.93147180559945286e-01]}
UZSTOP={1: 6.93147180559945286e-01}
