BS2026_GAUSS_FIXTURE_V1 adaptive-guard-rho-plus-0.15-g3-n32 75 3 6 accepted f47a6f789fa463abdfdb8d0b158a78bd228bbe85881199d601d086f49396ba6a
30000 210 0.065933263948041193 1 10000000000 100
-4.6051701859880909 -1.3862943611198906 0.037
0.29955882827377411 0.40455439185938541 8.289799046039942
0 0.0034858631793453511 0.0069717263586907023 0.01057308666589859 0.012448815466967099 0.014324544268035606 0.016318388901375346 0.018312233534715082 0.022100521380628582 0.02558367969859722 0.029066838016565857 0.035896785588526048 0.042726733160486238 0.056546048621032352 0.070199189014670704 0.083852329408309043 0.097349158021425047 0.11084598663454105 0.13837173027572658 0.16606828062081913 0.19452548233019809 0.22373997956049069 0.25377934028771365 0.28539366336566646 0.31797383564949572 0.35130623512925874 0.38545838337250699 0.42030292246621653 0.45585588303059216 0.49181210444870188 0.52809550044931475 0.56384049608367659 0.59870001904560155 0.6330554908470627 0.66630841960682674 0.6991144662565566 0.73192745731484099 0.76464755713927257 0.79670837753359491 0.82696557994178299 0.85651239969755899 0.88563129276953501 0.91354100740977817 0.92082176101363111 0.92810251461748416 0.93558755849585928 0.93916685618171614 0.94274615386757288 0.94641810046771024 0.94825333629094177 0.95008857211417341 0.95190027774039876 0.95371198336662411 0.95547493703737973 0.95723789070813536 0.95900414560048697 0.96077040049283846 0.96254474444490956 0.96431908839698066 0.96781294458315958 0.96955634212112929 0.9712997396590991 0.97311869357386716 0.9749376474886351 0.9767826708540418 0.97862769421944851 0.98209708759238867 0.98556648096532895 0.98736664828463305 0.98916681560393727 0.99095733954681808 0.9927478634896989 0.99454478158209514 0.99634169967449149 0.99817084983724569 1
11.625778941994046 -14.343357072099527 1.5289465634754642
11.668544183150976 -14.318127672525122 1.5286462737863931
11.705297045135895 -14.292626479894107 1.5283062445368649
11.724150363406622 -14.277708793719851 1.5280913303994748
11.752594615950741 -14.252020565252007 1.5276949878671622
11.776538700122693 -14.226343940721595 1.5272670353602877
11.788814593697495 -14.211194642742514 1.5270001644761957
11.80727082764494 -14.184869611126896 1.5265117750157551
11.822389404023479 -14.158767283698632 1.5259972989929176
11.828147479118874 -14.147303016298464 1.5257619784949694
11.834263737996698 -14.133887255930254 1.5254794091416122
11.83972352032748 -14.120560153853393 1.5251910615114881
11.842621479285704 -14.112846962826117 1.5250207052598139
11.84715658411918 -14.099671016821191 1.5247238152977478
11.851172229634239 -14.08659624274652 1.5244218703606649
11.853353040172193 -14.078797476274916 1.5242382857536823
11.856825795425841 -14.06508312154978 1.523909121741146
11.859842460346169 -14.051492724934707 1.5235749497049309
11.861406350631546 -14.043641465008433 1.5233782591860812
11.863792328267959 -14.03025258859285 1.5230366625429432
11.865830154869704 -14.016993542503062 1.5226906547884476
11.86730485168286 -14.005906506784962 1.522395380884773
11.869911527167227 -13.981289393055542 1.5217201841441996
11.871676943220276 -13.957152077175712 1.5210314844178374
11.872359718894041 -13.943879311264403 1.5206413181152527
11.87308572731534 -13.922355229854331 1.5199909618232814
11.873392992516893 -13.901232019764832 1.5193310676505019
11.873410611236302 -13.889121319106241 1.5189428490727732
11.873207361679496 -13.868622249046762 1.5182689654722143
11.872754198340759 -13.848509633244653 1.517586825824581
11.872197794296692 -13.831485477039204 1.516992788436418
11.87049366739843 -13.793766211422076 1.515620364374465
11.868328218421494 -13.757423969543227 1.5142213339876929
11.866917990741801 -13.736883959654243 1.513395725292259
11.864300035794303 -13.702600663929751 1.5119588041793892
11.861490824210074 -13.669545581100703 1.5105001722493572
11.858898197293771 -13.641437730391775 1.5092002072614381
11.852614782170168 -13.580050541353897 1.506156831553374
11.84596125194863 -13.522900500068349 1.5030475547017506
11.841971233336443 -13.491634505770886 1.5012229689364329
11.834929753791746 -13.441074372566961 1.498069430758791
11.827614209774277 -13.393866386911677 1.4948764018902834
11.823234231300827 -13.367836470413671 1.4930033503009268
11.815501850711316 -13.325444492226117 1.489765178102112
11.807513181814087 -13.285834546197362 1.4865085349701397
11.802775467570322 -13.264111668271832 1.4846185292666843
11.79449002684763 -13.228923019939511 1.48138495111292
11.785966867820017 -13.196033524347797 1.4781507444468669
11.780898968845877 -13.177895663713628 1.4762705898783248
11.772009627646701 -13.148369363854481 1.4730475077093139
11.762895074217278 -13.120816354629786 1.4698384203619301
11.754649868829375 -13.098005773668927 1.4670157467433562
11.73499892874112 -13.050590199582189 1.4605814989355868
11.714490076578715 -13.009825690126968 1.4542780954152272
11.702136675663251 -12.988832545579038 1.4506712236380734
11.680214085860552 -12.957106297608004 1.4445987929089836
11.657527463031869 -12.930576986212266 1.4387276660049195
11.643800397469885 -12.917166513768949 1.4353662299321333
11.619315550678468 -12.897476868563341 1.429704829236262
11.594129719777095 -12.882093513099305 1.4242992219055701
11.578964198726688 -12.874883819413524 1.4212358234890221
11.552038037777368 -12.865382581777354 1.4161289471519292
11.524477518845819 -12.859469971948084 1.4113137503692164
11.507929035268628 -12.857536359270629 1.4086103838654034
11.478625080467879 -12.856721846191897 1.4041475412164615
11.448751361858776 -12.858914612097529 1.3999980486405965
11.430652749283864 -12.861549337640085 1.3976687051591861
11.398319716412717 -12.868421281847869 1.3938326978654743
11.365456415673867 -12.877922500792012 1.3903349937553733
11.345803714016419 -12.884674933564193 1.3884249224502778
11.311135347107555 -12.898317758793068 1.3853668521568818
11.275997921784553 -12.914148460534705 1.3826488171358435
11.255106246397796 -12.924408535799403 1.3812041094992626
11.218458106789305 -12.943764630487399 1.3789605689816076
11.181402147098343 -12.964903245371591 1.3770471548900549
11.159391468065984 -12.978122053711953 1.3760701239017545
11.120814331189887 -13.002350957346556 1.3746285209812985
11.081880625109873 -13.028024724296074 1.3735041282172382
11.058835289965108 -13.043734386236437 1.3729865661295153
11.018580518678821 -13.071989225440856 1.3723324533655332
10.978013813406179 -13.101394288693823 1.3719781289368254
10.954026752796468 -13.119170650863406 1.371905149364836
10.912166661319509 -13.150805585929319 1.3720084881843042
10.870029113828132 -13.18334667684684 1.3723940317791308
10.845243848245943 -13.202774041340595 1.3727462126020069
10.8022123711006 -13.23694623429301 1.3735676230384644
10.758932445482687 -13.271812656623753 1.3746498570762491
10.733518714660391 -13.292487700191382 1.3753993816816628
10.689468141711794 -13.32863080633369 1.3768892566791342
10.645189131604067 -13.365299114803767 1.378619641107989
10.619509172331894 -13.386697327429768 1.3797253215329517
10.575547203201769 -13.423520319016079 1.3817846314361435
10.53137802975939 -13.460721389956932 1.3840563657775702
10.505898157288222 -13.482258552203684 1.3854553860379162
10.462514115200436 -13.519035314019675 1.3879804175251076
10.418939700444589 -13.55608135692817 1.3906906407740889
10.39367694867326 -13.577597474358658 1.3923386654868042
10.350439942626238 -13.614470707115299 1.3952848953746639
10.307019348342617 -13.651543744294008 1.3983972238871618
10.282071698883266 -13.672856202897952 1.4002524225814486
10.239766746317818 -13.709005561489716 1.403505998648136
10.197287456171326 -13.745303018823622 1.4069043285864331
10.172650976377341 -13.766348792484584 1.4089333709632013
10.130468945645681 -13.802366303771159 1.4125030387258279
10.088112432578715 -13.838503856515844 1.4162046754986186
10.063377549956995 -13.859590319416174 1.4184187272403697
10.020731015621484 -13.895912719062759 1.4223236730327515
9.9779032289209173 -13.932341566440938 1.4263529531836876
9.9529287702564826 -13.953560348054761 1.4287506732706305
9.9099305647732532 -13.990047928137486 1.4329589434023937
9.8667440552796872 -14.026635986643207 1.4372841966223313
9.8417763885338481 -14.047760727618066 1.4398282742950712
9.7991643449407579 -14.083765419977981 1.4442413069856859
9.7563628700891254 -14.119867636362619 1.4487611378998064
9.7320683654157918 -14.140331493403247 1.4513641841788101
9.6913934264549457 -14.174547543282488 1.4557811745153635
9.6505418075897982 -14.208855414771012 1.4602891186065519
9.6269644867868411 -14.228630427780143 1.4629225269348336
9.5867961922107288 -14.262278376361435 1.4674606861252439
9.54645182239158 -14.296021228801896 1.4720821876368115
9.523060484354696 -14.315561541425556 1.4747898845577163
9.4830220500047844 -14.348969395347407 1.4794710690019375
9.4428056866759764 -14.382478391444048 1.4842303011700964
9.4198066759359875 -14.401621954162055 1.4869771238677649
9.3809935027355777 -14.43389692521564 1.4916526589168879
9.3420410023898643 -14.466272559814014 1.4963975324679637
9.3277236684311884 -14.478176784647742 1.4981556659836726
9.3175467276087751 -14.486648635407459 1.4994112688092829
9.307379371969267 -14.495126802712651 1.5006714857694381
9.3014707152476035 -14.500063724431328 1.5014070336613583
9.2913433891795894 -14.508550796074177 1.5026745046078571
9.2812708647677571 -14.517042127979623 1.5039465233246889
9.2753659261293553 -14.522054661307218 1.5046993292466992
9.2651839671524154 -14.530787359583888 1.5060144557812254
9.2552148668361998 -14.53951713565068 1.5073342501982709
9.2510189897032422 -14.54327000466389 1.5079033692053276
9.2464444740443206 -14.547439322239949 1.5085370400112064
9.2419873669278552 -14.551604634231982 1.5091717279325239
9.2394584866835157 -14.554026414839734 1.5095415698184778
9.2352484914560353 -14.558182397976665 1.5101778246869115
9.2312475103587115 -14.56232990262188 1.5108150346497953
9.2290066852001864 -14.564769994069124 1.5111911176735211
9.2253591675508968 -14.569005363462789 1.5118463168612462
9.2221040295257755 -14.573223348817651 1.5125024082164893
9.2208294584416954 -14.575057629070756 1.5127890129080483
9.2194966523588509 -14.577152437111257 1.5131174159392982
9.218314346405263 -14.579240310439365 1.513446007840985
9.2177023819525523 -14.580451897396495 1.5136373271966963
9.2167947835659554 -14.582526981640916 1.5139661941980818
9.2160877646870318 -14.584592638714346 1.5142952176328859
9.2157793901401597 -14.585782372373474 1.5144855436254216
9.2154398270187112 -14.5878045563532 1.514810560609879
9.2153595222543156 -14.589814350386682 1.5151356884366733
9.2154435117439863 -14.590977749179606 1.5153249527715045
9.2158341136131217 -14.592964866998951 1.5156502159700889
9.2165666484451894 -14.594935393133767 1.5159755353290847
9.2171561861936127 -14.596058549392815 1.5161623358952068
9.2184630763320978 -14.597947010211112 1.5164789362092437
9.2201932319972695 -14.599814620575133 1.5167955224063041
9.2214123709857887 -14.600891042649401 1.5169797536056997
9.2239044847719374 -14.602720825654607 1.517296253625829
9.2269443759731509 -14.604523181656278 1.5176126524743243
9.228989531330857 -14.605559300874122 1.5177969032154948
9.2330202250715523 -14.607315264991543 1.5181136503151298
9.2377566234443371 -14.609035215114725 1.5184301816541768
9.2408650144254807 -14.610018125787544 1.5186142795735336
9.2468607067689117 -14.611673109455202 1.5189303602588069
9.2537523246761122 -14.613281290302874 1.5192460763997595
9.2582185998228343 -14.614195862363998 1.5194300454073426
9.2667411424788249 -14.615726709882203 1.5197464837123935
9.2763956813371831 -14.617196645722215 1.5200623591002285
9.282573702251371 -14.61802170671444 1.5202459011107152
9.2942187155736811 -14.619382641639493 1.5205607003139052
9.3072556141129041 -14.620665770965987 1.5208746847912502
9.3197216997332095 -14.621705922810978 1.5211452175899081
9.3526908167635021 -14.623811550551082 1.5217587618270869
9.3926690920559235 -14.62549223387909 1.5223671539963683
9.4125116146576762 -14.626074040797628 1.522630608147086
9.4371138032267741 -14.626614633378175 1.5229303267917766
9.4638283976942557 -14.627012068667891 1.5232280864765955
9.4803794480698507 -14.627173256046925 1.5234003945800672
9.5105881119030737 -14.627322214155942 1.5236946158418505
9.5430787178311167 -14.627299577923642 1.5239862915671198
9.56349751127199 -14.627200061343478 1.5241584110168584
9.6013290319797715 -14.626861487251444 1.5244578589158964
9.6417174147794658 -14.626302451867327 1.524753748583753
9.6663981567965092 -14.625870224877705 1.5249241784709151
9.7108040371122542 -14.624934562653946 1.525213718346041
9.7576860295128434 -14.623743152663438 1.5254987474547921
9.7862890725553218 -14.6229204424804 1.5256635613022904
9.837676781890158 -14.621270086997855 1.5259445220715382
9.8913486965683628 -14.619320511284243 1.526219698818883
9.9235799532065645 -14.61804270197948 1.5263769958412992
9.9805544640478345 -14.615591975608393 1.5266420265511276
10.039377472929781 -14.612807628116345 1.5268999785321293
10.089955354594602 -14.610207844765247 1.5271103479108519
10.206943093548947 -14.603454046884821 1.5275611799420108
10.32745826157006 -14.595369463320591 1.527979731356657
10.398558471459426 -14.590026061589279 1.5282069698715599
10.521190519671524 -14.57971241169084 1.5285667339824269
10.642978192516676 -14.567937546359106 1.5288846136432659
10.696112125214581 -14.562260261112389 1.5290108519226393
10.757704101222794 -14.555224719536559 1.5291473870654468
10.818260271099918 -14.547789250574857 1.5292709338486394
10.852952324907182 -14.543278480985686 1.5293367052839342
10.911498140479004 -14.535215151695841 1.529438947722304
10.968566340765399 -14.526761118392788 1.5295273214821481
11.000954882076353 -14.521677396533853 1.5295721474726141
11.055114191667306 -14.512669380632515 1.529637766421633
11.107484388917879 -14.503295410864101 1.5296891040807477
11.137099969505341 -14.497675564473262 1.5297123528034593
11.186447780247049 -14.487745336971935 1.5297408537648083
11.233794944091704 -14.47748063448307 1.5297548628628361
11.260454219143458 -14.471347412885507 1.5297563431966783
11.304685691045517 -14.460544789350967 1.5297473943910294
11.346801399272319 -14.44944644854986 1.5297239984158648
11.370332339812952 -14.442858211590664 1.5297037856739542
11.409081069950748 -14.431328883110254 1.5296578503970633
11.445714289557905 -14.419551821633661 1.529597952542328
11.466248003402058 -14.412528656233063 1.5295563761490938
11.500153263145139 -14.400179535670482 1.5294732885890792
11.531954194823605 -14.387627592652688 1.5293765339642333
11.549513362106525 -14.380237573628015 1.5293140778950427
11.57809570810554 -14.367408270270301 1.529196475907453
11.604728061211803 -14.354430765837334 1.5290662325653386
34.046790729287054 18.555667010239134 -0.20691233269304371
29.377763948881825 18.803729371514031 -0.23754079183172261
25.140017588271732 18.958302810024605 -0.26578274648285044
22.876260582277368 19.008787047816455 -0.28112370354443839
19.331657473570921 19.034474934724457 -0.30564963096715614
16.209685231564059 18.991596908058067 -0.32795090195639048
14.552167395670867 18.938075801667644 -0.34015515675564834
11.973930769417231 18.801572484111663 -0.35982303905009067
9.7663120236150611 18.61874105583675 -0.37756058622516553
8.8976518015707349 18.525507376827527 -0.38484722274929944
7.9540411728955256 18.407444568516443 -0.39301083985851881
7.0903381270711847 18.281426544038766 -0.40075511567075262
6.6223230839543099 18.204836705555998 -0.40507978802726424
5.8741087035586874 18.068307616996233 -0.41221467520979455
5.1922248820396648 17.926305181692925 -0.41899639405580058
4.8126797500184129 17.838779545368038 -0.4229079932251012
4.1917259916252672 17.680201766008363 -0.42955853903654173
3.6314240421419628 17.517733001835197 -0.43587857410336178
3.3311902837219698 17.421696397866814 -0.43941460857614401
2.8563826356201871 17.254610393657384 -0.44526199570748592
2.4294930389877387 17.085441050632184 -0.45083921043313868
2.1033024016719652 16.941478453063421 -0.45535052251815333
1.4699576368713361 16.614990050372324 -0.46491779877777517
0.95654555535539065 16.287445406439168 -0.47375702213367932
0.71388860924296305 16.10494233189549 -0.47841655441251779
0.37271559218020478 15.8062340471211 -0.48570156983350637
0.093078272426866865 15.510628089161131 -0.49255699828841121
-0.045711081135090349 15.340392878966279 -0.4963700556423688
-0.2494550220357537 15.051452873539247 -0.50264768748381039
-0.41622229616782574 14.767452741989196 -0.50861010902901882
-0.53551397682721558 14.527011922094472 -0.51351882353334177
-0.74218300679762339 13.995401378367076 -0.52400058507316283
-0.88430976852034304 13.485873621593099 -0.53363529867790738
-0.94655094871195133 13.199569190407855 -0.5389019757506468
-1.0293351142036364 12.724789127876713 -0.54741996953583172
-1.0911560155602034 12.270943596621253 -0.55531706189228536
-1.1343204500460962 11.888174792659743 -0.56178872619585396
-1.2111095069037381 11.06228997249077 -0.57511637582816633
-1.2726244168931122 10.304844781169956 -0.58641455104029661
-1.3050767304943462 9.8946497500747324 -0.59208723017436937
-1.3578738970138564 9.2365732142799466 -0.60038692192550491
-1.4087351424766259 8.6267791351487659 -0.60702365101655631
-1.4377297533565889 8.2919344654289819 -0.61016028820877433
-1.4866947068893581 7.7478261961029276 -0.61436472881989568
-1.5346647508736078 7.2396965275875038 -0.61714648229502278
-1.5619857704220979 6.960655827997674 -0.61814088072886919
-1.6079253833112901 6.5072740714909978 -0.618851251473306
-1.6529383996092992 6.0809844592621936 -0.61838135377603487
-1.6787095517263555 5.8443889163898595 -0.61759508499056071
-1.7222576801979885 5.456152577515347 -0.61541290005262794
-1.7648772722695223 5.0893945905842823 -0.612240571704734
-1.8017979641800692 4.7815329657393431 -0.60866434352506327
-1.8841863024739143 4.1248244260610241 -0.59792410527968765
-1.9627468910713637 3.5337574099682034 -0.58411725031710349
-2.0068694042643997 3.2153825577035691 -0.57483675093761211
-2.0799459118843155 2.7076700353081553 -0.55703632134504621
-2.1493221477151923 2.2464219925000517 -0.53730397268479901
-2.1885608994736065 1.9938264885340042 -0.52491226255493961
-2.2539717125093204 1.5851385909395017 -0.50225000273814202
-2.3157647762072306 1.2123868785831986 -0.47849479426799441
-2.3505675266450199 1.0078357913525171 -0.46409567927107698
-2.4083496781677312 0.67637576376253483 -0.4385291176714769
-2.4626971487454439 0.37350708245588299 -0.41253816896433543
-2.4932287288459412 0.20701340233311408 -0.39708915261958072
-2.543796187655218 -0.063112853810574521 -0.37011761356794659
-2.5911751426005587 -0.30995904722938644 -0.34322206689468893
-2.6180264062130383 -0.44719176274513989 -0.32725788091197056
-2.6628442353552884 -0.67195120807245956 -0.29940227999322944
-2.7046419408059741 -0.87666533780410061 -0.27199843019346798
-2.7280026555037722 -0.98896744568000616 -0.25605876193117155
-2.7665103960742399 -1.1706610360729572 -0.22876319189411687
-2.8023487091108081 -1.3357472487931905 -0.20216295743220133
-2.8222815656372031 -1.4257896044549259 -0.18684836452812426
-2.8550051689836384 -1.5706624994141152 -0.16086592291800572
-2.885462551197103 -1.7019441824590202 -0.13570396566926674
-2.902424621170351 -1.7734342018450295 -0.12126902953761935
-2.93032093971317 -1.8882414421842213 -0.096853259908408457
-2.9563396908249771 -1.9919048532903141 -0.073305247221754327
-2.9708329290612276 -2.0480675076194839 -0.059861723871589063
-2.9946947775703068 -2.1378099951613048 -0.037220415250982054
-3.0170616989326331 -2.2185312761295761 -0.015432945451634237
-3.0295796363522687 -2.2621263522094841 -0.0030115576370869038
-3.0503021368043339 -2.3315597897881615 0.017886747288379037
-3.0698794222149819 -2.3937432027384333 0.037977973767437459
-3.0808644362734552 -2.4270644621644824 0.049376766300064351
-3.0991144462977793 -2.4797495462402264 0.068471290458493164
-3.1165462277672265 -2.5267686288676328 0.086835854950916475
-3.1264073544231352 -2.5518688595030579 0.097249158950598477
-3.1429321809117545 -2.5914175902138599 0.11468728977281975
-3.1589193171201906 -2.6266174623736531 0.13147928898352765
-3.1679493271882073 -2.6451579074201508 0.14089920223915764
-3.183062542366375 -2.6740331540819837 0.15651342408251939
-3.1978835445102711 -2.6997779558196617 0.1715875563060571
-3.2063001531791389 -2.713300859139228 0.18001948613224208
-3.2204545868948369 -2.7343294267617986 0.19395701337988888
-3.2345013489243919 -2.7531912955003479 0.20745319905866635
-3.2425904428975545 -2.7632080972847133 0.21505977381621125
-3.2563764061027496 -2.7789672400652918 0.22772720277810496
-3.2701856272306822 -2.7932407396785099 0.24002609109918979
-3.2781204040816418 -2.8008262425469743 0.24691118997877262
-3.291600563429288 -2.812793545156802 0.25829977567138951
-3.3051939711601639 -2.8238250773680824 0.26939058672983479
-3.3131154354363042 -2.8298352777916276 0.27567251867423509
-3.3267592951964859 -2.8395635335227687 0.28618464066439675
-3.3405805827839745 -2.8487309231821487 0.29644567203167788
-3.3487156989321787 -2.853855533101302 0.30230781855644223
-3.3628639892824199 -2.862372175377828 0.31220060412386008
-3.3772404739755109 -2.8706078529765549 0.3218750645164668
-3.3857069516993281 -2.8753026940924431 0.32740173049563098
-3.4004342697129126 -2.8832599370137766 0.3367276934434863
-3.4154256180018532 -2.8911604802239341 0.34586432911107112
-3.4241869877139481 -2.8957157456194818 0.35104597046472291
-3.4393034605624635 -2.9035131671915764 0.35972657678131337
-3.4546983346084734 -2.9114237621939387 0.36824776530155584
-3.4635320968716674 -2.9159693553042625 0.37299983015871946
-3.4784779610541592 -2.9236980754551265 0.38082419434813164
-3.4936859455427305 -2.931640491883051 0.38852285052811014
-3.5025531921191773 -2.9363196493441364 0.39289598189386193
-3.5178113567669826 -2.9444708998773157 0.40023254352682347
-3.5333263397133372 -2.9529062541114772 0.40746194531711905
-3.5424072160671884 -2.9579196345831211 0.41159178208687103
-3.5580869568191793 -2.9667225287017804 0.4185591947500284
-3.5739613446468024 -2.9758563035169519 0.42543285469779685
-3.5830192005966031 -2.9812082151285728 0.42930949124392659
-3.5977503990620043 -2.9904665533405086 0.43576491736663786
-3.6087981200107846 -2.999833425624439 0.44213880494467833
-3.6096812929141384 -3.0032234171993824 0.44445647302642965
-3.6079143039001762 -3.0055335681119915 0.44609643272252941
-3.6028828659412215 -3.0077035166996064 0.44772911341888538
-3.5977672634495521 -3.0088692661352798 0.4486755455355374
-3.5834700391006837 -3.0106250581581651 0.4502942375943878
-3.5588984112611395 -3.0118909178298057 0.45190111616927725
-3.5373587023925004 -3.0123021503110858 0.45284250688631239
-3.4814111644125765 -3.0121535953539995 0.45446670852441706
-3.3905062035569071 -3.010286099749202 0.45606290773796071
-3.3359363593977225 -3.0087458046811824 0.45673823694188248
-3.2607182901089624 -3.0063197979486631 0.45747856417332028
-3.1665469541572175 -3.0029668086929564 0.45820566491272857
-3.1012169286926614 -3.0005027243482019 0.45862164798265814
-2.9671279135658137 -2.9952061397711471 0.45932176165333699
-2.7996649423307711 -2.9882705082004368 0.45999959610714541
-2.6820922064746773 -2.9832591026886743 0.46038679293321066
-2.437193795969935 -2.9725676614615777 0.46103436650511298
-2.1302759937013827 -2.9588113641609031 0.46164147709793418
-1.9731126920275939 -2.9516676374538711 0.46189147970923417
-1.7731916290227145 -2.9424977188991641 0.46216485122867973
-1.5496361470620901 -2.9321547768351408 0.46242292244380212
-1.4075887438609358 -2.9255422471289383 0.46256539437594901
-1.1410039248391406 -2.9130597131337899 0.46279562271834529
-0.84319908306695113 -2.8990161184148571 0.46300556598234588
-0.6553856878107519 -2.8901138059616622 0.4631168173541827
-0.30583820433324965 -2.8734632182142956 0.46328787221747469
0.083588889289927221 -2.8547982412446653 0.46343275574904635
0.33027272117428891 -2.8429203398205058 0.46350387815278377
0.79170303294258282 -2.8206000322071021 0.46360120461603194
1.304898070007422 -2.7956283905955157 0.46366395444440855
1.6250019438510821 -2.7799817301167282 0.46368287482360931
2.2135459133784257 -2.7510813082889984 0.4636837210423741
2.8648154553593166 -2.7189073611847947 0.46364152390581315
3.2750666883328683 -2.6985428926790025 0.46359532514248447
4.0378874893894325 -2.6604851167221537 0.46347528836302154
4.8795957550362026 -2.6182047422223382 0.46329897698434569
5.4090156504628197 -2.5914630860365566 0.46316796072664074
6.391767113443767 -2.5415248344946417 0.4628893792273035
7.4722756395411105 -2.4861694121929387 0.46253714413922803
8.1491503181897151 -2.4512565461498399 0.46229517760558098
9.3999998656132835 -2.3862587316340709 0.46181010551101254
10.768556915305432 -2.3144197146173582 0.46122936384019375
11.624299043817757 -2.2691137047082051 0.46084250283014855
13.202408586304642 -2.1847706193632654 0.46008575126270157
14.918814318698582 -2.0918388571380908 0.45920421167374342
15.984105024745825 -2.0335208240508846 0.45862872275023575
17.932684714665431 -1.9255411614655376 0.45752325354179468
20.034990618181101 -1.8070786041989544 0.45625757809870149
21.978148993983407 -1.6956998154472813 0.45502294940062449
26.8525613218664 -1.4077554498730613 0.451658142130064
32.337801967123049 -1.0676248772652532 0.44740810700245431
34.911811730097575 -0.90142543361158378 0.44523553080970246
37.980342407429667 -0.69721733590703627 0.44248631500211844
41.168799545888277 -0.4773907226975958 0.43943305314228126
43.073380913129398 -0.34203473935842288 0.43750636509682589
46.417196505780979 -0.096362039959968421 0.43392119919774969
49.832538277040094 0.16623107437215831 0.42996643587987482
51.887303980277146 0.33055229562665828 0.42742853554097548
55.515969302827571 0.633863929470457 0.42261845527529474
59.146189958732386 0.95643798065128782 0.41732678053829741
61.245854258729466 1.1531130630921531 0.41401237695772947
64.806405634515386 1.5064476903364057 0.40789197808269417
68.275492404098927 1.879176421745836 0.40120639149052117
70.251362488604002 2.1066271465127069 0.39701179604353115
73.544048593189771 2.5157171779605525 0.38924969926895775
76.644552891177028 2.944105228357091 0.38082307928692199
78.346359504848905 3.2021394809848034 0.37560087359744354
81.071656253844921 3.6600961129614951 0.36606258995156771
83.520062458980533 4.1359011302257569 0.35578844240456331
85.339762061110534 4.5479000702475503 0.34659373453349179
88.583182950043792 5.5131073191623372 0.32397389877296218
90.590122402519555 6.5286923824105996 0.29854603023515008
91.169206180452591 7.1395053156626584 0.28244746057631465
91.155970112348655 8.2155367015620833 0.2525984647878281
89.91240558830016 9.3144342556961846 0.22010504314291929
88.993361432472085 9.8036556637379739 0.20495941862480344
87.644417950732489 10.378244790989529 0.18661252039569237
86.022037709695724 10.950891322389868 0.16770088164068653
84.960220958971178 11.282302794682607 0.15645663481374619
82.948881433135668 11.846855452378433 0.13676895725623622
80.721519121876142 12.40308019518379 0.11667280628594651
79.339209293233509 12.721098186436917 0.10484883699171849
76.834415233970901 13.256121163189476 0.084363790746701722
74.17930264405895 13.776530955752303 0.063660745516363651
72.574771701266656 14.071729855739854 0.051542251908842818
69.732887103671331 14.564241882507494 0.030653303055637664
66.804786779826244 15.03637565982196 0.0097468541456987891
65.067367380559787 15.301446866726646 -0.0024190221365205677
62.040484823156646 15.738915692223557 -0.023268055970119529
58.987092111137933 16.151278255592246 -0.043937254321770404
57.206333003490442 16.379155004213484 -0.055854929139976091
54.15387788663103 16.749126353471961 -0.076094732344086008
51.126785220314787 17.091089341551264 -0.09598054324159247
49.368029430754312 17.278566642585826 -0.10746882788769334
46.36327875190446 17.579919775104401 -0.12701552958709184
43.427181259721543 17.851166244504661 -0.146053095460388
41.755249511448447 17.995183463970825 -0.15688075213890351
38.953567498670516 18.219059281309192 -0.17502733156567132
36.250113736650604 18.413578343392729 -0.19256927864324053
11.612122216043433 -14.350628531261659 1.529026513335658 11.714945638603632 -14.285173823013571 1.5281996838744136 11.782743183076114 -14.21888666967212 1.5271377140881006 11.826235845909313 -14.151223684448729 1.5258422671750775 11.841197362214521 -14.116698651665605 1.5251069956317596 11.852250181957052 -14.08281192397885 1.5243321527007516 11.860641118533747 -14.047561009740473 1.5234777825528107 11.866363421626213 -14.013160443540725 1.5225881718007572 11.872057405473317 -13.950218125287774 1.5208296904161527 11.873416262242406 -13.895160324194299 1.5191363578108816 11.872581831797557 -13.842728400298007 1.5173877724745788 11.867636724986504 -13.747098921985922 1.5138086716999695 11.860644509497034 -13.660149568839612 1.5100726751303117 11.84396825479401 -13.507013286797099 1.5021312455654892 11.82543443898725 -13.380722506625601 1.4939416911685317 11.805142135376183 -13.274803069383706 1.4855579991087664 11.783441720987128 -13.186875010861057 1.4772107270197223 11.760202160779812 -13.113152427401213 1.46890774872022 11.7083658826248 -12.999113172547503 1.4524731830173747 11.650788842558573 -12.923760906530532 1.4370600506478712 11.586674027727172 -12.878370039750809 1.4227757899329774 11.516344692644131 -12.858376129267395 1.4099683730177854 11.439955968086055 -12.86007971611607 1.3988488303145323 11.355799566680611 -12.881144970730974 1.3893805238579096 11.265689491560389 -12.919136989141077 1.3819197979257403 11.170546886624024 -12.971363177002404 1.3765516447522885 11.070487633506094 -13.035746786198294 1.3732340026605621 10.966153372414528 -13.110148779482664 1.3719306120147496 10.857717663865131 -13.19297256120476 1.3725566635675726 10.746292861154286 -13.282077061654766 1.3750133111076777 10.63226282339784 -13.376059770637989 1.3791660486414887 10.518486122021779 -13.471611127163753 1.3847572376346269 10.406224929387847 -13.566908167812146 1.3915122873196462 10.294348880533528 -13.662366393345428 1.3993342786017349 10.184894128651599 -13.755891419434702 1.4079190487992812 10.075752896900148 -13.849041397689165 1.4173068870416832 9.9654070903401983 -13.942961316600954 1.4275477874240432 9.854140175357708 -14.037302133933943 1.4385649543076877 9.7438727996728964 -14.130391124947796 1.4500957836674342 9.6386196028129145 -14.218857107217779 1.4616180204530811 9.5346792871125903 -14.305857722742228 1.4734423950119253 9.4310683193151927 -14.392249718463061 1.4856296811302798 9.3306864016671085 -14.475711841571602 1.4977913415004729 9.3044231178462748 -14.497596001282094 1.5010387493044406 9.2783548929857549 -14.519512666239132 1.5043179702344129 9.2523679219302473 -14.542057187743762 1.5077185993743754 9.2407165806553024 -14.552814795601087 1.5093572862132565 9.2301288932480769 -14.563535834988125 1.5109998582059823 9.2212432687699373 -14.574445972098882 1.5126943437098628 9.2180010108523796 -14.579847272767346 1.5135407388626543 9.2159227147005964 -14.585191066576861 1.5143919559059025 9.2153891739422455 -14.590397293454961 1.5152293237548535 9.2168488103755628 -14.595504903192863 1.5160712082021233 9.220782907223871 -14.600354240632328 1.5168866542804931 9.2279389135265841 -14.605041832707967 1.5177056510228681 9.2392778086916163 -14.609528535060077 1.5185213424047233 9.2559367318497081 -14.613739820449403 1.5193387001200584 9.2794322786492245 -14.617611938972633 1.5201534161395491 9.3113249143595045 -14.621023805947416 1.5209665247123649 9.4057386771299978 -14.625890922824125 1.5225425268912551 9.4720095981540524 -14.627099871461567 1.5233147364964212 9.5529698501313476 -14.627258454359245 1.5240703859155251 9.6539496827586628 -14.62609718324706 1.5248392628832987 9.7717851937075064 -14.623345612497952 1.5255807970960196 9.9073754483085423 -14.618695927425396 1.5262984660225687 10.05681422381541 -14.611931940576495 1.5269739271211997 10.362951112753928 -14.592758205806307 1.5280944996380224 10.678022520318789 -14.564231249602978 1.5289692845378466 10.835659463250783 -14.545551632729506 1.5293037296432423 10.984873992700729 -14.524227528196628 1.529551150821608 11.122372675126414 -14.500501259892769 1.5297004955778619 11.247188332720325 -14.474432023974375 1.5297571262625216 11.35865691766482 -14.446164607574504 1.5297135347143547 11.455979233155961 -14.416080370465281 1.5295789250945058 11.540820212233692 -14.383940550204359 1.5293448634759699 11.625778402638963 -14.343356654929751 1.5289475536261319 11.668544835942578 -14.318127957266174 1.528645313302297 11.705296291973404 -14.292626333280872 1.5283071561302937 11.72415120186545 -14.277708799270803 1.5280904859422619 11.752593708977335 -14.252020700874439 1.5276957482863422 11.776539657457599 -14.226343666640261 1.5272663741989356 11.788813605162154 -14.211195049797009 1.527000713146571 11.807271827595173 -14.184869079246438 1.5265113498179979 11.822388412672364 -14.158767929759462 1.5259975922077207 11.828148442028972 -14.147302268988174 1.5257618231318166 11.83426282280027 -14.133888089532585 1.5254794235435198 11.839724369492577 -14.120559250643581 1.5251911883590796 11.842620713147983 -14.112847917565663 1.5250204397015785 11.847157251895272 -14.099670029661031 1.5247242142514772 11.85117167358532 -14.086597242569276 1.5244213459965033 11.853353473364617 -14.078796483801023 1.5242389250331241 11.85682549376026 -14.065084086810439 1.5239083803416065 11.859842624447067 -14.051491806206981 1.5235757783854513 11.861406327379811 -14.043642318814886 1.5233773598106262 11.863792210205146 -14.030251816796614 1.523037614612327 11.865830411884035 -14.016994216841574 1.5226896690808103 11.867304460861154 -14.005905943401062 1.5223963805017189 11.86991204397401 -13.981289834208695 1.5217191906252852 11.871676310772308 -13.957151767082987 1.5210324519534326 11.872360454324744 -13.943879484090191 1.5206403959282082 11.873084903621553 -13.922355197754591 1.5199918202041951 11.873393887987527 -13.901231910496049 1.5193302902562187 11.873409661911673 -13.889121567556531 1.518943529920874 11.873208345857384 -13.868621866387699 1.5182683947974753 11.87275319900794 -13.848510142453566 1.5175872749038994 11.872198788782788 -13.831484851472261 1.5169924699408459 11.870492697663703 -13.793766940826321 1.5156205459115999 11.868329143995606 -13.757423150900708 1.5142212930424621 11.866917127853677 -13.736884851149897 1.5133956248260665 11.864300818725727 -13.702599717424251 1.5119590440461734 11.861490136905728 -13.669546563671734 1.5104997977829164 11.858898775214639 -13.641436731421379 1.5092007088325869 11.852614325199868 -13.580051536729259 1.506156212916467 11.845961578822097 -13.522899528210466 1.5030482780223937 11.841971043102182 -13.491635434659548 1.501222155409321 11.834929803579259 -13.441073505239233 1.4980703182096207 11.827614301430009 -13.393867175318901 1.4948754582780701 11.823234000036342 -13.367835776706928 1.4930043311881189 11.815502216955796 -13.325445077347835 1.489764179572405 11.807512687919999 -13.285834081371885 1.4865095311567826 11.802776079228725 -13.264112003497585 1.4846175553617877 11.794489309667259 -13.22892282102303 1.4813858832433571 11.785967676167985 -13.196033582973692 1.4781498727474864 11.780898085509401 -13.177895746551716 1.4762713836995796 11.7720105682917 -13.148369141210415 1.4730468076545224 11.762894095090774 -13.120816712623609 1.4698390126386567 11.75465086684016 -13.098005287490595 1.4670152740991171 11.734997931821244 -13.050590804214165 1.4605818424873607 11.714491052454322 -13.00982497914306 1.4542778878321097 11.702135740364069 -12.98883334868453 1.4506712910977573 11.680214961863289 -12.95710541845509 1.4445988669229397 11.657526663858777 -12.930577923816351 1.4387274519987134 11.643801103817877 -12.917165536479846 1.4353665796472537 11.619314951293138 -12.897477865977015 1.4297043508117777 11.594130200203065 -12.882092515524302 1.4242998194637488 11.578963846875808 -12.874884797183386 1.42123511875728 11.552038254010858 -12.865381643382705 1.4161297449520243 11.524477442557632 -12.859470852185545 1.4113128754687427 11.507928970084603 -12.857535554808313 1.4086113183551165 11.478625285819456 -12.856722558777749 1.4041465658413266 11.448751020449757 -12.858914005650552 1.3999990453790132 11.430653219917017 -12.861549825810146 1.3976677070072139 11.398319125975153 -12.868420921725452 1.3938336774529834 11.365457114098229 -12.877922725658934 1.3903340523387777 11.345802921584227 -12.88467484845348 1.3884258068535 11.311136217687043 -12.898317702444082 1.3853660424683691 11.275996990482426 -12.914148657215565 1.3826495359037254 11.255107219782545 -12.924408202723235 1.3812034960381556 11.218457110804236 -12.943765093292349 1.3789610648575115 11.181403145749082 -12.964902662100901 1.3770467865243137 11.159390486737575 -12.978122745774217 1.3760703573844904 11.120815275554671 -13.00235017034435 1.3746284270547267 11.081879736610182 -13.028025590486367 1.373504080707705 11.058836104816381 -13.043733458194861 1.3729867541242498 11.018579793785221 -13.071990196758955 1.3723321286483132 10.978014433833353 -13.101393293540136 1.3719785838773135 10.95402624925357 -13.119171649934671 1.3719045733067168 10.912167037899714 -13.150804602936894 1.3720091738302473 10.870028871747875 -13.183347624085826 1.3723932502685718 10.845243950981015 -13.202773148814044 1.3727470743352423 10.802212409766957 -13.236947054243201 1.3735666983301489 10.758932266188808 -13.271811925661231 1.3746508262516015 10.733519030993223 -13.292488327536017 1.3753983874373248 10.689467694671412 -13.328630295163251 1.3768902560926504 10.645189700404481 -13.36529949956893 1.3786186565285627 10.619508493155989 -13.386697076770957 1.3797262715719241 10.575547979159452 -13.423520430551601 1.3817837349526614 10.531377172550727 -13.460721419777085 1.3840571907624388 10.505899078590829 -13.482258381624707 1.3854546490637387 10.462513148243765 -13.519035621943337 1.3879810517380509 10.418940693701682 -13.556080917822918 1.3906901220161563 10.393675948995794 -13.577598035856806 1.3923390584067825 10.350440928715527 -13.614470034462645 1.3952846361569358 10.307018395578091 -13.651544514638021 1.3983973442143951 10.282072599253443 -13.67285535028102 1.4002524435530606 10.239765916362906 -13.709006479314432 1.4035058367974258 10.197288199099418 -13.745302054161389 1.4069046280767985 10.172650335345777 -13.766349784676612 1.4089329398274824 10.130469471950464 -13.802365303908065 1.4125035928777161 10.088112031534706 -13.838504844037738 1.416204009421915 10.063377817713331 -13.85958936400074 1.4184194919103588 10.020730886511966 -13.895913623249088 1.4223228250743518 9.9779032167994899 -13.932340731581009 1.4263538674586047 9.9529289233662457 -13.953561096878563 1.4287497109784146 9.9099302737396489 -13.990047280337526 1.4329599344516231 9.8667444784120946 -14.026636520453605 1.4372831966519455 9.8417758417716357 -14.047760318481448 1.4398292631721994 9.7991650043893248 -14.083765696251946 1.4442403489941977 9.7563621111530701 -14.119867498480932 1.4487620458314483 9.7320692086492251 -14.140331490132953 1.4513633444792724 9.6913925158014589 -14.174547687639308 1.4557819291762051 9.6505427674366047 -14.20885513221697 1.4602884640889482 9.6269634969580569 -14.228630842876088 1.4629230682090248 9.5867971922100619 -14.262277837031736 1.4674602689280716 9.5464508322366921 -14.296021881570661 1.4720824724067607 9.5230614448471815 -14.315560788282895 1.4747897379146628 9.4830211383989642 -14.348970233789807 1.4794710745830337 9.4428065311493352 -14.382477484483339 1.4842304367626633 9.4198059154972302 -14.401622911488248 1.4869768498154212 9.3809941639195458 -14.433895936684852 1.4916530659438492 9.3420404536942883 -14.466273559763946 1.4963970006130325 9.3277240936562293 -14.478175793292671 1.4981563120214936 9.317546434365152 -14.486649598325691 1.4994105215190234 9.3073795273621975 -14.495125887504074 1.5006723193551166 9.301470700815555 -14.500064573612345 1.5014061304644839 9.2913432623618988 -14.508550029917084 1.5026754593384357 9.2812711302969308 -14.517042795778153 1.503945536169345 9.2753655272032685 -14.522054105233243 1.5047003290688874 9.2651844914909098 -14.530787792803482 1.5060134633036406 9.2552142275799394 -14.539516833956359 1.5073352154668065 9.2510197310825522 -14.543270168794525 1.5079024504656975 9.2464436453806726 -14.547439298958079 1.5085378938333511 9.2419882662901305 -14.551604516199104 1.5091709561171205 9.2394575346233534 -14.554026671824934 1.509542244179249 9.2352494771585931 -14.558182007182706 1.5101772612781077 9.2312465107426007 -14.562330419402855 1.5108154758300008 9.2290076787225264 -14.564769361644506 1.5111908075521387 9.2253582000076833 -14.569006098873066 1.5118464897167236 9.2221049517244769 -14.573222525140958 1.5125023760866203 9.2208286000453175 -14.575058524527972 1.5127889036692295 9.2194974297720957 -14.577151487796101 1.5131176643603892 9.218313665535085 -14.579241294611911 1.5134456252097717 9.2177029526520453 -14.580450898064777 1.5136378363796659 9.2167943344597028 -14.582527976130173 1.5139655686546567 9.2160880832111776 -14.584591668972259 1.5142959470165105 9.2157792085733821 -14.585783297958997 1.5144847250002158 9.2154398679940606 -14.587803693449843 1.5148114520918772 9.2153596226905155 -14.589815133336858 1.5151347419409011 9.2154432719064658 -14.590977061853364 1.5153259353369315 9.2158344880516108 -14.592965444944419 1.5156492170010609 9.216566146900119 -14.594934936136655 1.5159765307073418 9.2171568048068355 -14.596058876294771 1.5161613640302232 9.2184623530322707 -14.597946819947257 1.5164798651090696 9.220194045506851 -14.599814670392753 1.5167946550635723 9.2214114835488523 -14.600891134275114 1.5169805420314668 9.2239054283741702 -14.60272059441945 1.5172955598973736 9.2269433950918245 -14.604523547872708 1.5176132376204881 9.2289905298589296 -14.605558807006245 1.5177964383633269 9.233019228882279 -14.607315876626098 1.5181139855692822 9.2377575973560742 -14.609034497955362 1.5184299827081538 9.2408640822841281 -14.610018934117765 1.5186143382295212 9.2468615784830632 -14.611672226132857 1.5189304430668547 9.2537515308365261 -14.61328223093764 1.5192458537850799 9.2582192998991513 -14.614194883243622 1.5194304033730197 9.2667405501778095 -14.615727707891088 1.5197459975604044 9.2763961540079869 -14.617195648799976 1.5200629637081942 9.2825733586712875 -14.618022682596628 1.5202451901480054 9.2942189231862855 -14.619381706329644 1.5205615034014357 9.3072555466231446 -14.620666646983263 1.5208738056527016 9.319721625749315 -14.621705123619767 1.521146155183511 9.352691030740262 -14.623812256920411 1.5217577845443722 9.3926687423690449 -14.625491634469629 1.5223681514078748 9.4125120930556889 -14.626074521250034 1.5226296105699859 9.437113205692766 -14.62661428149908 1.522931304567958 9.4638291024046115 -14.627012284930814 1.52322714807153 9.4803786502879301 -14.627173179728681 1.5234012748318331 9.5105889867889477 -14.627322149001998 1.5236938113616292 9.5430777833521354 -14.627299783245718 1.5239870041741195 9.5634984866404764 -14.627199719962794 1.5241578045459143 9.6013280352437889 -14.626861957858001 1.5244583471122648 9.6417184129332689 -14.626301861454092 1.5247533884332141 9.6663971772029402 -14.625870923280493 1.5249244033672094 9.7108049785390147 -14.624933770240141 1.5252136332052926 9.757685145095552 -14.623744023228094 1.5254986911359023 9.7862898822615243 -14.622919511189252 1.5256637579535957 9.837676063101318 -14.621271060375696 1.5259441890237948 9.8913493100532754 -14.619319515301875 1.5262201615971116 9.9235794573044842 -14.618043700631784 1.5263764125950945 9.9805548324415998 -14.615590994274186 1.5266427185916314 10.039377239417734 -14.612808572491044 1.5268991915485217 10.089955448551185 -14.610206956251723 1.527111214086081 10.20694314102837 -14.603454861753567 1.5275602519116631 10.327458073604932 -14.595368738406227 1.5279807026675893 10.398558796148135 -14.590026682040095 1.5282059747208379 10.52119006475788 -14.579711908121899 1.5285677330549903 10.642978768550154 -14.567937922967236 1.5288836306453053 10.696111439590581 -14.562260019002885 1.5290117991712862 10.757704882714545 -14.555224822301614 1.5291464945253017 10.818259409381977 -14.547789289211092 1.5292717538160856 10.852953249604022 -14.543278301721463 1.5293359743008408 10.91149717131108 -14.535215468000077 1.5294395750904131 10.968567335006506 -14.526760671379369 1.5295268102858006 11.000953882661806 -14.521677965309475 1.5295725322656017 11.055115176252006 -14.512668701478736 1.5296375157336393 11.107483438869497 -14.503296186802769 1.5296892156462254 11.137100866002179 -14.497674707280122 1.5297123825934813 11.186446955245144 -14.48774625826282 1.529740683215534 11.233795681086256 -14.477479667534084 1.5297551707578179 11.260453584907209 -14.471348406139105 1.5297559041185094 11.304686209829221 -14.460543789672736 1.5297479558642331 11.346801006324622 -14.449447434644158 1.5297233257855165 11.370332599059795 -14.442857258816982 1.5297045559987461 11.409080949593589 -14.431329783493547 1.5296569977958834 11.445714268616431 -14.419550991661934 1.5295988703550771 11.466248165223021 -14.412529399181333 1.5295554114948038 11.500152963683535 -14.400178894615783 1.529474280777348 11.531954625932125 -14.387628118983102 1.5293755341006408 11.549512807979729 -14.380237172556393 1.5293150654216825 11.57809637415976 -14.367408538055681 1.5291955204831185 11.60472729656124 -14.354430636697924 1.5290671367645434 8.5388267301823682
