BS2026_GAUSS_FIXTURE_V1 adaptive-guard-rho-minus-0.15-g3-n32 81 3 6 accepted f47a6f789fa463abdfdb8d0b158a78bd228bbe85881199d601d086f49396ba6a
30000 210 0.043034320843767043 1 10000000000 100
-4.6051701859880909 -1.3862943611198906 0.037
0.29955882827377411 0.40455439185938541 8.289799046039942
0 0.0017155685309070824 0.0034303822330664395 0.006899328599919102 0.010153199053622296 0.013409544044667808 0.017003736521470542 0.019076477198247496 0.021144003367557587 0.023304503216478152 0.025464160863861548 0.029802090772668786 0.033365800553890386 0.036932164886373998 0.040624488380542681 0.044325230996072981 0.051325090616892798 0.058334300816437076 0.071764991523929414 0.084606644934226066 0.097244957682695296 0.10987706318124046 0.12222581155395125 0.13458308698225813 0.15990786731444692 0.18589685790695057 0.21247376437082741 0.24047899214506477 0.27003896583700399 0.30081243264623975 0.33338137591800404 0.36735256380696657 0.40264505450460147 0.43890995769022001 0.47567824587918106 0.51294239663743435 0.55039251090584296 0.58672678901943254 0.6230493066460091 0.65824268614920844 0.69199713462209578 0.72465081749245897 0.75740994602227685 0.79042612999587292 0.82309262227343494 0.85554221274717879 0.88568025376598947 0.89902765568032328 0.912392281638706 0.91931270154299705 0.92624556444206374 0.93013833633626641 0.93403456346752622 0.93775188718161551 0.94147369348000842 0.94373424377864146 0.94599595349970933 0.94806242607837976 0.95012947581480933 0.9522421828084765 0.95432452186612926 0.956317682924261 0.9583046696950801 0.96012690639318388 0.9619386393996211 0.96541252059837523 0.96716160025139619 0.96890703521300747 0.97066081695920703 0.97241341639133794 0.9741801363653686 0.97594697255868412 0.97774379283608426 0.9795408647983338 0.98282021977080447 0.98609997910062575 0.98957001899079733 0.99298661592745319 0.99474103547318737 0.99649671357465563 0.99824829456824327 1
11.024458157606178 -15.157517087168152 1.5281521994915563
11.062201746814008 -15.139804123627638 1.5281328083906853
11.098258465234617 -15.121834335966023 1.5281027867151227
11.118464618954572 -15.111269693753057 1.5280804452481214
11.151856025867765 -15.09295086757302 1.5280337481262265
11.18359515120915 -15.074437890202695 1.5279766226393316
11.210167640496095 -15.05801150011046 1.5279178448837292
11.266595845804861 -15.019827650760938 1.5277529005699624
11.31675637998141 -14.981230753239871 1.5275476513932378
11.342406576900576 -14.959353129821308 1.5274147156008475
11.381090444644174 -14.922890913164299 1.5271672345141831
11.415107470751469 -14.886450824310501 1.5268882124856875
11.432905718842612 -14.865294890400619 1.5267118933995423
11.460303784590659 -14.829108259292669 1.526386149976215
11.483981700290082 -14.793228996432003 1.5260332321163022
11.496799562455326 -14.771453954748965 1.5258045127181581
11.517000256125336 -14.732620346028698 1.5253692716884943
11.533843275559788 -14.694401712554816 1.5249064504795975
11.540568803376223 -14.677092101956809 1.5246854540963644
11.548209657405305 -14.655546316955828 1.524400353482481
11.555014414021239 -14.634243993225386 1.5241074337805516
11.558613597927058 -14.621976709020037 1.5239337170996932
11.564225018900911 -14.601125766063641 1.5236299093725452
11.569175517653511 -14.580532355072126 1.5233191719032055
11.571832268014536 -14.568401580040391 1.5231310953503465
11.576017268957891 -14.547325219393709 1.5227953280901552
11.579639977136877 -14.526538046065957 1.5224528136887292
11.581511343571774 -14.514576158324402 1.5222505247830926
11.584354630896696 -14.494256487699879 1.5218980654812062
11.586768411603851 -14.474226892201692 1.5215395762307391
11.588562991542375 -14.456928476982979 1.5212209625855024
11.591709670105345 -14.418072519156064 1.520474054988449
11.593717313369805 -14.38035661882178 1.5197062753072954
11.594403987862544 -14.360819270155806 1.5192913742952132
11.595035071128395 -14.331146936193635 1.5186380257826915
11.595220043617408 -14.302198504031519 1.5179727438811286
11.595154886602684 -14.285670657981067 1.5175801647959426
11.594790985027849 -14.257808706646777 1.5168967210449698
11.594156017728588 -14.230622185522956 1.5162027862507512
11.593672526500217 -14.214830993348924 1.5157870445790247
11.592664823046061 -14.187767233460752 1.5150521469206291
11.591481084288938 -14.161372431028724 1.5143072654067928
11.590723060361992 -14.146293462650569 1.5138688301002834
11.589318606442909 -14.120857282181934 1.51310728227109
11.587804580362178 -14.096039616580731 1.512336770642535
11.586458434324282 -14.075622819031331 1.5116817879120539
11.583236625506146 -14.031215176221499 1.5101882658807086
11.579791288969551 -13.988773246034267 1.5086672934140473
11.577701621125078 -13.964916409489749 1.5077697128346552
11.573984593852702 -13.925306322563175 1.5062074681110109
11.570127283435166 -13.8873953552574 1.5046228985614307
11.566754484758246 -13.856490358679411 1.5032621185500714
11.55883033186538 -13.790696814398391 1.5001408038067856
11.550501315357 -13.730031281533465 1.4969615240569163
11.545587787783136 -13.697608211572334 1.4951302180323649
11.537059081430801 -13.646345651852117 1.4920253262049863
11.528192646138875 -13.59882668532101 1.4888917714543752
11.522922530077107 -13.572981503818188 1.4870727297865123
11.513689539662568 -13.531447543404093 1.4839607038670668
11.50414732719981 -13.492904279130983 1.4808402910182343
11.498455563756361 -13.471773461674521 1.4790234986111821
11.488442785113209 -13.437575869655321 1.4759047762424284
11.478138262897902 -13.405893527462382 1.4727938533564808
11.472078755775552 -13.388740795282715 1.4710093631789141
11.46157233180174 -13.361318785346437 1.4679908953274166
11.450803392787671 -13.335953206343566 1.464992610633566
11.444415390948533 -13.322086811955977 1.4632580564808038
11.433236017138311 -13.299730333681071 1.4602983014876214
11.421809820175518 -13.279157884357295 1.4573691040663814
11.411469032103744 -13.262322834348023 1.4547982080876694
11.386885816694365 -13.228199089017004 1.4489753093355344
11.361366560144889 -13.200200751946255 1.4433305678486443
11.345901938242868 -13.186317973331523 1.4400942026013768
11.318282525439129 -13.166423739604969 1.4346357039952704
11.289814332278512 -13.151523192336926 1.4294104192967203
11.272682635022552 -13.144897779734485 1.4264488275299625
11.242289368624791 -13.136869764360233 1.421509817172449
11.211142654527023 -13.132924056516343 1.4168382480005852
11.192189154681891 -13.132359892985091 1.4141759887467891
11.158187556366729 -13.134378392455853 1.4097195820845254
11.123486551758644 -13.139942640305641 1.4055664681360189
11.102416831971698 -13.144827669290111 1.4032268143019091
11.064699862420872 -13.156061091550621 1.3993595368469327
11.026342423910791 -13.170360952252354 1.3958212900156086
11.003277836162409 -13.180182940599011 1.393873026035084
10.962376106706801 -13.199587951034873 1.3907279031133826
10.920911768231729 -13.221547310303476 1.3879182114547797
10.895825678569132 -13.235815960986045 1.3863918136083944
10.851073970749768 -13.262891469616756 1.3839731055306399
10.805817077695432 -13.292136307595433 1.3818988259348746
10.778689325629806 -13.310455065500372 1.380823519031934
10.73072447710484 -13.344117697085967 1.379211457305485
10.682321549238193 -13.379539367189269 1.3779363811077878
10.653411978999403 -13.401304637471199 1.3773331236712461
10.602471189928078 -13.440628026291979 1.376540948460371
10.551151730612599 -13.481341857655725 1.3760716469836718
10.520707734475389 -13.505947357182386 1.3759399876165761
10.467413185960172 -13.549727803836209 1.3759573288171862
10.413792639188012 -13.594564689467644 1.3762750134113615
10.382227291245261 -13.621277503800465 1.3765948309567579
10.327381957657321 -13.668173636358253 1.3773715374941373
10.27225419274869 -13.715839819236418 1.3784195677541853
10.239829192268816 -13.744085274696779 1.3791543267773476
10.183532919221379 -13.793434870743262 1.3806270353280035
10.126980985194223 -13.843339398722009 1.3823449273958908
10.093871974336503 -13.872682419453582 1.3834557512450385
10.036648374667537 -13.923574327662166 1.3855490857151409
9.9791856574773821 -13.974858491050593 1.3878610437633832
9.9461350967743396 -14.004417491759719 1.3892811901619282
9.89003040261378 -14.05467190511126 1.3918355795994057
9.833707311959909 -14.105189864973065 1.3945729501367212
9.8008329191977737 -14.134694969613324 1.3962469112364297
9.7441831060137698 -14.185553657140598 1.3992570252516245
9.6873137238595994 -14.236609016467364 1.4024310028177187
9.654631144481014 -14.265942086284545 1.4043207692120281
9.5991941089422426 -14.315673141248325 1.4076307682958911
9.5435446005725328 -14.365552722983386 1.4110796693783434
9.5117229547626501 -14.394051583057836 1.413106036281649
9.4580264141701456 -14.442096921589254 1.4166107756178627
9.4041256980478938 -14.490263506724379 1.4202319455757086
9.373174201315118 -14.517892296477827 1.4223559511826953
9.320716357365459 -14.564666212664671 1.4260268894677768
9.2680577693818051 -14.611550576591357 1.4297979423694451
9.2372673820584019 -14.638932072210888 1.432041154501511
9.1841113780978478 -14.686145780675584 1.4359772769595265
9.1307426510456295 -14.73347544365024 1.4400065124355261
9.0994606142377119 -14.76118381783126 1.4424026844178623
9.0453236373390169 -14.809077813684869 1.4466069956373626
8.9909590712320568 -14.857100238053624 1.4508990327027314
8.9593812542439863 -14.884961467663235 1.4534228442234352
8.9052290249295414 -14.932685960273808 1.4578011435684961
8.8508425351080042 -14.980550541591109 1.4622594134571196
8.8191861956293796 -15.00838135413056 1.4648812765032841
8.764785023299428 -15.056160305452272 1.4694310003195961
8.7101415954269896 -15.10409410294638 1.4740545145828365
8.6793647913150682 -15.131067802499167 1.4766811474082369
8.6282633326308158 -15.175818712675769 1.4810766208488724
8.5769461145735217 -15.22071806491031 1.4855319524099853
8.5553354562785717 -15.239615464004276 1.4874201284810822
8.5325009553930258 -15.259578137693087 1.4894228465126016
8.5096286562653738 -15.279571667879443 1.4914368297537075
8.4962933488808403 -15.291229450610752 1.4926148487858653
8.4733445536368848 -15.311297846234583 1.494649062492247
8.4503896563753571 -15.331396342496868 1.4966942838036654
8.4402567234548673 -15.340282562650243 1.4976010838170055
8.4283915122578836 -15.350707283949641 1.4986668972282771
8.4165540437870128 -15.361138400600883 1.4997355972381836
8.4096779288129149 -15.367217190635927 1.500359450414362
8.3979013693221383 -15.377674840759397 1.5014346082368644
8.386218079276107 -15.388134789737267 1.502512603198229
8.3809514050720857 -15.392887685912534 1.5030033592600329
8.3744916642035108 -15.398760206362446 1.5036105930026114
8.3680981024741108 -15.404631084688466 1.5042186993634774
8.3644121788586432 -15.408048226253586 1.5045731663669426
8.358152289198447 -15.413919478144948 1.5051831776738267
8.3520099848458269 -15.419785755478577 1.5057940388715096
8.3485801225685723 -15.423118584637109 1.506141765689897
8.3429479975453162 -15.428704598423424 1.5067258076353471
8.3375012693961956 -15.434280972168954 1.5073105904166988
8.3344308360992461 -15.437522825862306 1.5076514676416746
8.3293597635892489 -15.443084861336036 1.5082380948379042
8.3246046771778239 -15.448628700277164 1.5088254142571775
8.3225077508049718 -15.451214286262111 1.5091003567692647
8.3199246267664098 -15.454563433472758 1.5094575944659365
8.3175185879649653 -15.457901876014104 1.5098150650215532
8.3162083817477637 -15.459839791621521 1.510023266235643
8.3141292586116879 -15.463159830545663 1.5103812712884426
8.3122933204884681 -15.466464773638949 1.5107394853492251
8.3113875919136841 -15.468297901194115 1.5109390503219902
8.3101013032316668 -15.471293009342224 1.5112666114521289
8.3090887503981321 -15.47427077457737 1.5115943213243574
8.3086376497425487 -15.47599523144455 1.5117851354873515
8.3081234690817674 -15.478941960563946 1.5121131484240198
8.3079723500611955 -15.481865289266427 1.5124412775538341
8.308069352253268 -15.483573375753194 1.5126344024239435
8.3085972114403308 -15.486516935949469 1.5129699364600042
8.3096268176987511 -15.489427611906661 1.5133055463415557
8.3104722260862847 -15.491092909369259 1.513499490148718
8.3123781736454152 -15.49390284286037 1.5138303500777006
8.3149249799330942 -15.496670024847958 1.5141612249736742
8.3166878256193275 -15.498225044405903 1.5143496636216087
8.3202069559513188 -15.500800904269349 1.5146663387859864
8.3244851814603287 -15.50332512177663 1.5149829588973469
8.3273490537011909 -15.504766029204273 1.5151669055344048
8.3329631396630912 -15.507189649802918 1.5154823940263991
8.3395361144993156 -15.509546510712036 1.5157977407308825
8.343652107181093 -15.510829777448523 1.5159735843318674
8.3511701314129869 -15.512886135684873 1.5162625164689734
8.3596893129674399 -15.514870861443118 1.5165512391784388
8.3651230564465529 -15.515987222925112 1.5167186770685586
8.3753242302631214 -15.517834752424625 1.5170053267193417
8.3867237465165925 -15.51959369578217 1.5172916614080472
8.3974057380836911 -15.521011599430368 1.5175344632041063
8.4252197124826012 -15.523932470655145 1.518081719321952
8.4586618667414673 -15.526409390697816 1.5186270451203059
8.4752246788632064 -15.527336199387847 1.5188649042756417
8.4958350516020946 -15.528272894873979 1.5191380051294385
8.5181752649436451 -15.529061100023293 1.5194103573129043
8.5319873137028175 -15.529447009306198 1.519568322304454
8.5571531348758754 -15.529978117286097 1.5198387590941045
8.5842133528837472 -15.530333797240786 1.5201082276224986
8.6008972441874878 -15.530455810959971 1.5202649447967913
8.6312166125269556 -15.53051031375383 1.5205339556471007
8.6635736087119586 -15.530357524493294 1.5208017173809514
8.6833496954719465 -15.530168438099961 1.5209568780607829
8.7189665722003067 -15.529663173742774 1.5212222404484412
8.7566749485812654 -15.528918947366749 1.5214860309678233
8.7796787180981006 -15.528368411628403 1.5216393896779792
8.8210374279809809 -15.527209218097065 1.5219024946861437
8.8644938834998772 -15.525773488556567 1.5221636116400121
8.8907390329704086 -15.524805324204518 1.5223146025473402
8.9374421449008974 -15.522904866776283 1.5225722437424851
8.9861230357814836 -15.520693511459472 1.5228274387714151
9.0155891138051683 -15.519245480350804 1.5229760029437851
9.0681527925078225 -15.516464162894819 1.5232311451680078
9.1225432601932344 -15.513325619964652 1.523483207098123
9.1549996097602424 -15.511328959386763 1.5236284044445894
9.21206540945456 -15.507596598652539 1.5238751448979495
9.2706573430379144 -15.503471615974794 1.5241181729949882
9.3198692159897156 -15.499777464907806 1.5243149776114309
9.4320866835233552 -15.490559277362626 1.524741507192217
9.5476432533651892 -15.479876492925348 1.5251522684064169
9.6160659543455367 -15.472955286606341 1.5253833533643077
9.7349807932535874 -15.459806284189673 1.525765380022192
9.8547612020536146 -15.445017909562068 1.5261266190743283
9.9265120232763238 -15.435353821120428 1.5263321470361599
10.052581287843715 -15.416766822592612 1.526673815098204
10.176880279732293 -15.396218751016866 1.5269859650393582
10.247463927178815 -15.383449587307949 1.5271518135671622
10.365169404829336 -15.360155447006255 1.5274086246683019
10.478876786230757 -15.334962884181209 1.5276308608723528
10.527493088111472 -15.323274493798667 1.5277172267211141
10.582946713134028 -15.309199735466889 1.5278087396901332
10.636999243608111 -15.294653579851477 1.527890138566492
10.66779365028675 -15.285972454948528 1.5279327824385596
10.719519238063718 -15.270695071506221 1.5279977830272848
10.769670380152371 -15.25498152297096 1.5280521407555796
10.798078673262122 -15.24565319799655 1.5280787833041396
10.845526407315925 -15.229323824971491 1.5281159227500565
10.891290052236217 -15.212607529411736 1.5281421210174502
10.917136603381262 -15.202708509387692 1.5281522945838086
10.960177691042684 -15.185421891399749 1.5281610132223993
11.001471435657974 -15.167804930631304 1.5281586245734708
58.077168992337839 26.453395756079491 -0.021163130647079312
55.534791269989761 26.857851834092333 -0.037194676615204307
52.999573354959082 27.226453803412685 -0.053161882469335474
51.531559973280935 27.424185960599235 -0.062407785391768292
49.028245481692082 27.734877429544543 -0.0781891310713414
46.555890991248688 28.008851475131742 -0.093811689635411658
44.41317542204353 28.219603233777999 -0.10739663447331226
39.627673304877305 28.598276976863875 -0.13795735775166654
35.082931846629684 28.834479153013252 -0.16739566453400145
32.642284432573796 28.90801139544455 -0.18343010948725319
28.797292676523224 28.94147560736403 -0.20911121707197539
25.235884293021805 28.872893991091388 -0.23348641184025717
23.29738851350346 28.790337238248537 -0.24705408632337675
20.200174986234941 28.5830215513928 -0.26928756358007783
17.397899270879815 28.302906450596247 -0.29014785786878539
15.824879994178669 28.100410164530608 -0.30225055342852786
13.252141826884211 27.685165519137371 -0.32282935971968052
11.000721213874357 27.216840757139664 -0.3418765428708242
10.068812264061588 26.987727310930147 -0.3501295848517722
8.9823988505989245 26.689316926923311 -0.36009001088445863
7.9857786630522583 26.381173577953422 -0.36960987850379057
7.4456762473552285 26.198337272479073 -0.37494948358618457
6.5823840482209741 25.879355481411729 -0.38379512389266335
5.7949171298110276 25.555109937380067 -0.392257624751574
5.3601794586409319 25.360259482078938 -0.3971204466229375
4.6540836781490214 25.01564895214397 -0.40536310883513482
4.0162000314222546 24.669050503620397 -0.41324731075257459
3.6742586944200353 24.466945736456385 -0.41767904002437101
3.1334543660441203 24.119744196252228 -0.42503933720045101
2.6472613647163925 23.773344362605254 -0.43209730701842691
2.2626727391328796 23.471383094499831 -0.43804353392546574
1.5085840042866792 22.785975876057421 -0.45093685800196209
0.90673727848133168 22.114230788986646 -0.4628901730119076
0.63952848967618448 21.764939780822893 -0.46888818751386191
0.28528269861988159 21.233831857569417 -0.47776622458704149
-0.0069063456762442051 20.715973099833988 -0.48618021178330018
-0.1527107206268857 20.420839646802065 -0.49088379045705821
-0.36789451547782287 19.924719260830134 -0.49865992878082593
-0.54520493922333624 19.442839004207521 -0.5060744746708985
-0.63522062168961024 19.164161476570644 -0.51030818467488848
-0.77017330336526846 18.688920249666527 -0.51744639827880212
-0.88141855019729398 18.228576754719118 -0.52427131869751242
-0.93720275320063773 17.967093664823398 -0.52811243105030603
-1.0203309101816709 17.528605972878569 -0.53449922980953724
-1.0900986091094316 17.104024445187743 -0.54062042354562256
-1.1404912720987652 16.757192999545239 -0.54557527784706805
-1.2329760145103281 16.010635320995974 -0.55610114580878833
-1.3053934611708951 15.307035870086571 -0.56582617516685918
-1.3413753144154934 14.915733289992959 -0.57114255196560981
-1.3960982846778889 14.272460406581652 -0.57971286272733369
-1.4447277644030394 13.663920925552306 -0.58759018331438229
-1.4829148795734293 13.172682326674208 -0.59375327009043433
-1.5630741141763003 12.139961871281274 -0.60599697986972523
-1.6385812385141694 11.201008816975103 -0.61604028521118404
-1.6803386740379429 10.703332917128966 -0.62083138584556297
-1.7490253482792475 9.9207096756780064 -0.62744610662900913
-1.8161486580829831 9.1979323675111999 -0.63235752616274421
-1.8542460148635453 8.805067387591146 -0.634459909387596
-1.9181001485938594 8.1727090692973476 -0.63687195262595808
-1.980593243524279 7.5830776512374047 -0.63788678431824841
-2.016330269772264 7.2579037781130227 -0.63787082520373983
-2.0766448047339039 6.7274465438397595 -0.63686132710356469
-2.1355944200438564 6.2296750118920077 -0.63468241326190222
-2.1688995404343023 5.956862474733537 -0.63293080681313729
-2.2244408618816234 5.5145402102402041 -0.62917274511037824
-2.2786776165448299 5.0969078172720854 -0.6244906495782826
-2.3096551255906275 4.864338117144217 -0.62136687969101567
-2.3618741972354949 4.4815460882724167 -0.61535863439389715
-2.4127999722478761 4.1188108411178108 -0.60859718592706036
-2.4569115977441158 3.8125559968532348 -0.60201598730065398
-2.5549766565241505 3.1562244859159412 -0.58496177900494428
-2.6477798145343256 2.5635235540806498 -0.5656879264186504
-2.7000935395514865 2.2405516672878996 -0.553459446295538
-2.7869900575177744 1.7204126070015462 -0.53092516410241863
-2.8687450652850277 1.2483128231174789 -0.50712015367057994
-2.9145421713674891 0.99068817606501358 -0.49265322111647231
-2.9901601138460738 0.57540700583119253 -0.4669269181826779
-3.060939465491157 0.19748278673330502 -0.44068854471498164
-3.101027968594638 -0.012151129755620051 -0.42486662580217543
-3.167858239098905 -0.35479939936196114 -0.39687486054183924
-3.2299938386605604 -0.66596355518431016 -0.36894146597716393
-3.2650335018054597 -0.83834764215039514 -0.35233722043929122
-3.3231918502590037 -1.1196040991087701 -0.32334174042773195
-3.3769201874437162 -1.3740389179633274 -0.29485723577810691
-3.4068649760668812 -1.5135560811653626 -0.27823016771628639
-3.4560407866989991 -1.739011849090387 -0.24967727490976796
-3.501274244342 -1.9421915915735886 -0.22194273006395268
-3.526615390274801 -2.0541442836717247 -0.20574734052147223
-3.5684193221235199 -2.2356462461388191 -0.17792415603199305
-3.6067151747216863 -2.3981028975367975 -0.151136387439712
-3.6279585130915417 -2.4864656037725879 -0.13570710937807071
-3.6627158519026826 -2.6279967362479795 -0.10953102826491092
-3.6945511798022861 -2.7538579562442709 -0.084481765319496221
-3.7121898062270802 -2.821811785053109 -0.070143894848461827
-3.7410520933916178 -2.9298576464920241 -0.04595569452558107
-3.7675966277286115 -3.0252605718940138 -0.022901187946946906
-3.7822899382197885 -3.0761940212152195 -0.0098130853738159132
-3.8063562417858781 -3.1563280189083645 0.012104494015613065
-3.8287107917774676 -3.2266267245420304 0.032954617804340468
-3.8411168130362432 -3.2637195705751392 0.044698929370299449
-3.8615267192368941 -3.3214577258863853 0.064228136580609968
-3.8807833066501169 -3.3718704514372244 0.082805399595452231
-3.8916116578655457 -3.3983720479837038 0.093269839898871179
-3.9096759673543868 -3.4394892646076012 0.11067554737799931
-3.9270405511973401 -3.4752732014408774 0.12724679128261668
-3.9369124024037232 -3.4939747624096134 0.13655031060474662
-3.9535657353574827 -3.522868704251179 0.15197972548385774
-3.969884199524603 -3.5480626357907052 0.16669620802108831
-3.9791356886248237 -3.5610522630098735 0.17482954975719725
-3.9946853663445339 -3.580929624291302 0.18811626806212012
-4.0101751010063866 -3.5985085824306915 0.20083558002713495
-4.0191928485677817 -3.6078311481520093 0.20798972193359841
-4.03473994152926 -3.6225199756328759 0.21987847400567037
-4.0504090020859769 -3.6357920074710974 0.23128622761484596
-4.0594636970393445 -3.6428690982632892 0.23761690412571237
-4.0749352525146154 -3.6541243202611824 0.24800008876335075
-4.0906401568303972 -3.6646626560200084 0.25799820443033811
-4.0997117479466079 -3.6704251901673293 0.26353431045230974
-4.115186412782065 -3.6798252373599021 0.27259296151554574
-4.1309478649499249 -3.6889742939913002 0.28134663362634621
-4.1401086269146514 -3.6941494260700178 0.28622722608533313
-4.1558264399888936 -3.7028625745147821 0.29426757323581937
-4.171855053133311 -3.7116160523708075 0.30205973291334365
-4.18134676917746 -3.7167721076557085 0.30649252169388191
-4.1979441550346852 -3.7257904221820084 0.31394079845647288
-4.214879325479437 -3.7350505705309449 0.32117037116271391
-4.2249330012891315 -3.7405985878562085 0.3252974866547646
-4.2425537619239924 -3.7504456329484417 0.33225563867140878
-4.2605296534878967 -3.7606857669493183 0.33901846423564258
-4.2710991595748427 -3.7668115728985883 0.34284790987700586
-4.289440744200423 -3.7776425559015196 0.34925335156605847
-4.3081314814590606 -3.7889570473716709 0.35548979709575601
-4.3191325758627679 -3.7957531811687151 0.35903287389064864
-4.3382417475484507 -3.8078051403619564 0.36497845008238006
-4.3576847493679196 -3.820395162291458 0.37077577183961663
-4.3687364110606985 -3.8277027559610528 0.37396702630171297
-4.3872059191391291 -3.840183818591957 0.37915260944094981
-4.4057055229796376 -3.8531374380147647 0.38422336661257944
-4.4133144137424978 -3.8587101890059627 0.3863192174399655
-4.4210026835560186 -3.8646579293356282 0.38850904069759595
-4.4279381797884758 -3.8706482627350156 0.3906776156161611
-4.4313266817828705 -3.8741362471431695 0.39193074573599096
-4.4350458452506114 -3.8800787353726385 0.39406843806673342
-4.4336844494711993 -3.8857668778155685 0.39618399069488869
-4.4302220533615682 -3.8881274837188213 0.39711102003984911
-4.4226158956364436 -3.8906833864546426 0.39819164413259828
-4.4095205896349929 -3.8928996587260074 0.39926498344958461
-4.398406961922527 -3.8939735163052536 0.39988654349058605
-4.3709846619238037 -3.8953022445985073 0.40094841860071501
-4.3289347469629442 -3.8956858295648309 0.40199980063965302
-4.3032751681266337 -3.895443927231395 0.40247352399886638
-4.2642919984930288 -3.8946737724996856 0.40305486075083913
-4.215484869984059 -3.8932655588230705 0.40363110054899598
-4.1816392946498633 -3.8920941149848236 0.40396396548196473
-4.1122446503035901 -3.8893544649212197 0.40453097328065113
-4.0257941919719284 -3.8855009404063288 0.4050903929376114
-3.9675234775128554 -3.8827168655306741 0.40540461089462765
-3.8520101551333288 -3.8768907728493947 0.40592452120165234
-3.709976539196552 -3.8693252536137162 0.40643375455831143
-3.6127470287988719 -3.8639700713367273 0.40672461659101083
-3.4158787122825873 -3.8528203043574152 0.40721331205970374
-3.1743187319692354 -3.8387225214159542 0.40768507077384242
-3.0432806631730052 -3.8309431335657931 0.40789902233082992
-2.8534396476055477 -3.819539746326833 0.40816956465755616
-2.6387489733238625 -3.806489497380654 0.4084309629026861
-2.5010930179817015 -3.7980519801174308 0.40857849599844026
-2.2403674471129644 -3.7819466941736692 0.40882326087269555
-1.9458484634966584 -3.7635848977054831 0.4090557069208467
-1.7656598484864714 -3.7522781885450627 0.40917926812679095
-1.4424266327803812 -3.7318758850468985 0.4093719677473745
-1.0816121346027838 -3.7089394003283469 0.40955096473472086
-0.85267066115596069 -3.6943096395039765 0.40964824926674043
-0.42369639538977999 -3.6667559972772259 0.40980242305894338
0.054342951142155052 -3.6358498786168618 0.40993852715193918
0.36062993373149238 -3.615949083533156 0.41000936628746792
0.94064794452334988 -3.5780695087271459 0.41011454337351838
1.5870237228060933 -3.535571879815564 0.41019475140349154
1.9933887060647162 -3.508713842328814 0.41022861435924163
2.746872602165312 -3.4586412206450761 0.4102632180696803
3.5826497016561527 -3.4026946932938942 0.41026573089317447
4.0983402905773083 -3.3679730956012195 0.41025146456775874
5.0348168416767143 -3.304535235303482 0.41019940474846239
6.0650406845984772 -3.2341755886560941 0.41010883055557384
6.7096877802769175 -3.189851714691716 0.41003691347932386
7.8994945231205023 -3.1074451694824439 0.40987751031593905
9.201743050875308 -3.0163500289311873 0.40966842206871651
9.9798623441540784 -2.9614709501913765 0.40952829712315547
11.343527017161431 -2.8644753560051419 0.40925826213829281
12.817009784068697 -2.7584739812879637 0.40893480688785155
13.72450244838566 -2.6925638990541727 0.40872065613034569
15.371986865564983 -2.5716622780486711 0.40830501091593724
17.14013472583774 -2.4400670529790784 0.40782292055398639
18.738566983502572 -2.3194151706567196 0.40735700399546193
22.685938821723042 -2.0142398594277982 0.4060912896150814
27.104942849550294 -1.6594749149991368 0.40448755440220913
29.184420028450948 -1.4873209418380531 0.40366504213416332
31.683691454677 -1.2756620407203008 0.40261782065597906
34.291596505810325 -1.0489184935749307 0.40145466997782581
35.855059841156766 -0.90991987199163338 0.40072154622461953
38.61404072866678 -0.65865019591283247 0.39935917955662764
41.459750594436422 -0.39090515833713468 0.39785688513069356
43.155410527723959 -0.22689805336895125 0.39691170341960524
46.128377332897315 0.069383128885479151 0.3951574894292133
49.155167892914911 0.38346955267615301 0.39323370319552914
50.934580988972776 0.57454698741801813 0.39203168933157762
54.011011894338438 0.91729711267175118 0.38981652106349346
57.097117371297252 1.2786408816067187 0.38740023006817909
58.897311827796301 1.498488268654466 0.38588992809996153
61.98387779656138 1.892963197266037 0.38310446446985008
65.028850522700409 2.3067803759443617 0.3800790082085666
66.773705690116429 2.5565714378901241 0.37820185187365646
69.711004350022236 3.0011849657021581 0.37476632353471057
72.554211330793279 3.4652407300326895 0.37105237867125362
74.171318398706575 3.7466532416205629 0.36873666715586101
76.869777537437528 4.2500371780011479 0.3644752410610822
79.421424857132621 4.773302617560379 0.35988404534744867
80.83220315696822 5.0869528450783994 0.35705339283871707
83.118187368740564 5.6413974441934043 0.35190579099481023
85.217626601679825 6.2151719930853879 0.34638574790662358
86.795177175839427 6.7010743762014187 0.34155789677604398
89.790726751459985 7.8246116997175932 0.32985716449627878
92.053238690771337 9.0073650622743013 0.31672755800604063
93.022029278978351 9.7214859465404508 0.30839426375566109
94.082811705602751 10.989224162487972 0.29283705403015597
94.384868210938436 12.302675858234744 0.27566419923117536
94.210237135051955 13.107778996129447 0.26458863208977879
93.274090737034001 14.556243319404032 0.24355751575076545
91.575786496518731 16.026171289672426 0.22066091781324679
90.270137840283169 16.878451161777431 0.20660389770405679
87.538056728089288 18.325196918325975 0.18128155214567213
84.227259316659868 19.747800967376442 0.15434605045441127
82.604940454703765 20.361389021007898 0.14201112655587866
80.599137673152768 21.063593888080856 0.12729340522110247
78.480943344367191 21.748904972475234 0.11224119493307273
77.200496145699731 22.139003491428593 0.10333613879798824
74.926280249497808 22.792397512941637 0.087808672126062901
72.569577432869082 23.42189632529811 0.072032282531809086
71.166419319010373 23.775839171107684 0.062761800690263866
68.7095462068514 24.361130521001535 0.046707384270950822
66.201419743207438 24.916556834098891 0.030505226114697689
64.722787766554333 25.225257941638819 0.021023837767794203
62.157643180504088 25.729444821864007 0.0046718091089217612
59.571670160367376 26.199099063725079 -0.011720129951312741
11.013158030126935 -15.162618804621911 1.528156333176562 11.108434132487526 -15.116561400084199 1.5280914482183703 11.192523987026886 -15.06901677203065 1.5279587729448754 11.330221722339548 -14.96995007409345 1.5274797622591156 11.424180957263816 -14.875868692342079 1.5268022135177561 11.490226503300386 -14.782860028773714 1.5259247384024082 11.538177745419024 -14.683405715797317 1.5247678764865942 11.556848209051513 -14.628092579117745 1.5240197797849013 11.570500163532172 -14.574588292585769 1.5232284882946949 11.58059733822763 -14.52054399597232 1.5223509436987097 11.587395972853686 -14.468452573941166 1.5214350967688905 11.594125067311154 -14.36959242006799 1.5194782857014906 11.595201480940403 -14.293908096793 1.5177778000489306 11.593928771355195 -14.222834893526368 1.5159982497972515 11.591107442884381 -14.153814638196417 1.5140892973194873 11.587347169852361 -14.088930655572243 1.5121104465187598 11.578753534805427 -13.97677600370648 1.5082202059402607 11.56898182784867 -13.876668400283755 1.5041576578571376 11.548004102568862 -13.713272007271659 1.4960272014661995 11.525551120565668 -13.585658541317624 1.487975820877288 11.50131266445784 -13.48222109864424 1.4799314684742257 11.475086574601939 -13.397122682828831 1.4718912192049121 11.447620670076134 -13.328942294112116 1.4641240808235987 11.418439874000274 -13.273491753425949 1.4565235712403564 11.353771818871079 -13.193115419806484 1.441723868222077 11.281378462822298 -13.14805490834266 1.4279363236190339 11.201944668017473 -13.132488409244463 1.4155289678915406 11.113264626101349 -13.142178031017288 1.40441574485256 11.015067790806302 -13.175054791895429 1.3948516711355095 10.90874660451402 -13.228378463538506 1.3871632097925295 10.792559491320977 -13.301019907020706 1.3813570460773246 10.668159210189065 -13.390147345526083 1.3776274937550024 10.536152161382347 -13.493425976411862 1.3759925630237737 10.398130785172977 -13.607790502446774 1.3764226110641968 10.256162490458404 -13.729840046034161 1.3787727437805868 10.110477184504042 -13.857954722490835 1.3828898761098412 9.9624210789015155 -13.989847554745179 1.3885727724199737 9.817275708339146 -14.119935629882718 1.3954032383918875 9.6707245593181028 -14.251499349615539 1.4033840449941011 9.5273095532645673 -14.380094587085043 1.4121088604273933 9.3884029467685828 -14.50430123790483 1.4213068811903087 9.2526952492887169 -14.625215347210078 1.4309136140379908 9.1151728958408551 -14.747269408686428 1.4411962688714248 8.9750951524810603 -14.87110031067154 1.4521637951085209 8.8349723595787495 -14.994505065989165 1.4635719069736597 8.6941940439592571 -15.11807362703429 1.4754129559858853 8.5619728959401176 -15.233811216585478 1.4868401596188094 8.5029661518834736 -15.285396451752012 1.4920242119770366 8.4437126462369481 -15.337249462007348 1.4972923402633411 8.413116757511526 -15.364175693309379 1.5000462011007967 8.3828412894489315 -15.391177907647441 1.5028277895877309 8.3662524748670464 -15.406339665440131 1.5043948244850738 8.3502479478624814 -15.421491115377684 1.5059729537633579 8.3359571644091357 -15.435901888894621 1.5074799098262621 8.3232888951151143 -15.450237639926755 1.5089974002257127 8.3168555981678463 -15.458871247011952 1.5099182292027127 8.3118081451408425 -15.467423395660335 1.5108445913018465 8.3088507529406304 -15.475133577290466 1.5116889665360751 8.3080012411230975 -15.482711480781235 1.5125374220677199 8.3100294544021072 -15.490267452408771 1.5134026919907158 8.3157949831028333 -15.49746710382016 1.5142579078469138 8.3258840750827208 -15.504048522202721 1.515074811259133 8.3416403844779481 -15.510219609844127 1.5158896018334809 8.3623684226525441 -15.515433190777145 1.5166352232895934 8.3902773445986547 -15.520088736814909 1.5173747642243123 8.4695422940936282 -15.527036237845248 1.5187855951433313 8.5250109778084937 -15.529262096760849 1.5194890352343848 8.5924525060091952 -15.530401748852425 1.5201869928127949 8.6733768901297381 -15.5302733808004 1.5208787239368651 8.7680419541610881 -15.528654727543548 1.5215632366640119 8.8775292829207313 -15.525302765238145 1.5222383549904959 9.0006511639789597 -15.519988873402632 1.5229021229670876 9.1386992104274931 -15.512343991554596 1.5235549843560947 9.2879750267670431 -15.502194935990859 1.5241891481570784 9.581763643333737 -15.47648251066826 1.5252675754500828 9.8896404354283547 -15.440397894771925 1.5262285287360216 10.212571799230908 -15.389867162904693 1.527069934258807 10.511103416308377 -15.327279831696714 1.5276896413586465 10.652454937675229 -15.290333836035391 1.527911048336734 10.78395939379044 -15.250329506328841 1.528066695579084 10.904286655980393 -15.207673134264075 1.5281470138813167 11.024457169070837 -15.157517494222647 1.5281527481619317 11.062202746764241 -15.13980359174718 1.5281323831929281 11.098257473883502 -15.121834982026853 1.5281030799299258 11.118465581864671 -15.111268946442767 1.5280802898849686 11.151855110671336 -15.09295170117535 1.5280337625281342 11.183596000374248 -15.074436986992882 1.5279767494869232 11.210166874358375 -15.058012454850006 1.5279175793254938 11.266596513580954 -15.019826663600778 1.5277532995236918 11.316755823932491 -14.981231753062627 1.5275471270290761 11.342407010093 -14.959352137347414 1.5274153548802893 11.381090142978593 -14.922891878424958 1.5271664931146436 11.415107634852367 -14.886449905582774 1.5268890411662079 11.432905695590877 -14.865295744207073 1.5267109940240873 11.460303666527846 -14.829107487496433 1.5263871020455988 11.483981957304414 -14.793229670770515 1.5260322464086649 11.49679917163362 -14.771453391365066 1.525805512335104 11.517000772932118 -14.732620787181851 1.5253682781695799 11.53384264311182 -14.694401402462091 1.5249074180151927 11.540569538806926 -14.677092274782597 1.5246845319093199 11.548208833711518 -14.655546284856088 1.5244012118633947 11.555015309491873 -14.634243883956604 1.5241066563862684 11.558612648602429 -14.621976957470327 1.523934397947794 11.564226003078799 -14.601125383404577 1.5236293386978061 11.569174518320692 -14.580532864281039 1.5233196209825239 11.571833262500631 -14.568400954473448 1.5231307768547744 11.576016299223165 -14.547325948797955 1.52279550962729 11.579640902710988 -14.526537227423438 1.5224527727434984 11.581510480683651 -14.514577049820057 1.5222504243169002 11.584355413828121 -14.494255541194379 1.5218983053479904 11.586767724299504 -14.474227874772723 1.5215392017642984 11.588563569463243 -14.456927478012583 1.5212214641566513 11.591709213135045 -14.418073514531427 1.520473436351542 11.593717640243272 -14.380355646963897 1.5197069986279386 11.594403797628283 -14.360820199044468 1.5192905607681013 11.595035120915908 -14.331146068865907 1.5186389132335212 11.59522013527314 -14.302199292438743 1.5179718002689153 11.595154655338199 -14.285669964274323 1.5175811456831347 11.594791351272329 -14.257809291768496 1.5168957225152628 11.5941555238345 -14.230621720697478 1.5162037824373942 11.59367313815862 -14.214831328574677 1.5157860706741282 11.592664105865691 -14.187767034544271 1.5150530790510661 11.591481892636907 -14.161372489654619 1.5143063937074124 11.590722177025516 -14.146293545488657 1.5138696239215381 11.589319547087907 -14.120857059537867 1.5131065822162986 11.587803601235674 -14.096039974574554 1.5123373629192616 11.586459432335067 -14.075622332852999 1.5116813152678148 11.583235628586269 -14.031215780853476 1.5101886094324826 11.579792264845159 -13.988772535050359 1.5086670858309297 11.577700685825896 -13.964917212595241 1.5077697802943391 11.573985469855439 -13.925305443410261 1.506207542124967 11.570126484262074 -13.887396292861485 1.5046226845552246 11.566755191106237 -13.856489381390308 1.5032624682651918 11.558829732480049 -13.790697811812064 1.5001403253823014 11.550501795782969 -13.730030283958463 1.496962121615095 11.545587435932257 -13.697609189342195 1.4951295133006228 11.537059297664291 -13.646344713457468 1.4920261240050814 11.528192569850688 -13.598827565558471 1.4888908965539016 11.522922464893082 -13.572980699355872 1.4870736642762254 11.513689745014146 -13.531448255989945 1.4839597284919319 11.504146985790792 -13.492903672684006 1.480841287756651 11.498456034389514 -13.471773949844582 1.4790225004592099 11.488442194675645 -13.437575509532904 1.4759057558299375 11.478138961322264 -13.405893752329304 1.4727929119398853 11.472077963343359 -13.388740710172002 1.4710102475821363 11.461573202381228 -13.361318728997452 1.4679900856389039 11.450802461485544 -13.335953403024426 1.4649933294014479 11.444416364333282 -13.322086478879809 1.4632574430196967 11.433235021153243 -13.299730796486021 1.4602987973635253 11.421810818826257 -13.279157301086604 1.4573687357006402 11.411468050775335 -13.262323526410286 1.4547984415704052 11.386886761059149 -13.228198302014798 1.4489752154089626 11.361365671645197 -13.200201618136548 1.4433305203391111 11.345902753094141 -13.186317045289947 1.4400943905961112 11.318281800545529 -13.166424710923069 1.4346353792780504 11.289814952705687 -13.151522197183239 1.4294108742372085 11.272682131479653 -13.14489877880575 1.4264482514718433 11.242289745204996 -13.136868781367808 1.4215105028183921 11.211142412446767 -13.132925003755329 1.4168374664900263 11.192189257416963 -13.132359000458541 1.4141768504800245 11.158187595033086 -13.134379212406044 1.4097186573762099 11.123486372464765 -13.139941909343118 1.4055674373113713 11.10241714830453 -13.144828296634746 1.4032258200575711 11.06469941538049 -13.156060580380181 1.3993605362604489 11.026342992711205 -13.170361337017518 1.3958203054361824 11.003277156986504 -13.180182689940199 1.3938739760740564 10.962376882664485 -13.199588062570395 1.3907270066299005 10.920910911023066 -13.22154734012363 1.3879190364396483 10.895826599871739 -13.235815790407068 1.3863910766342169 10.851073003793097 -13.262891777540418 1.3839737397435832 10.805818070952524 -13.292135868490181 1.381898307176942 10.77868832595234 -13.31045562699852 1.3808239119519123 10.730725463194128 -13.344117024433313 1.3792111980877568 10.682320596473666 -13.379540137533281 1.3779365014350211 10.653412879369579 -13.401303784854267 1.3773331446428581 10.602470359973166 -13.440628944116694 1.3765407866096608 10.551152473540691 -13.481340892993492 1.3760719464740372 10.520707093443825 -13.505948349374414 1.3759395564808572 10.467413712264955 -13.549726803973115 1.3759578829690744 10.413792238144003 -13.594565676989538 1.3762743473346579 10.382227559001597 -13.621276548385032 1.376595595626747 10.327381828547804 -13.668174540544582 1.3773706895357376 10.272254180627263 -13.715838984376489 1.3784204820291024 10.239829345378579 -13.74408602352058 1.3791533644851317 10.183532628187775 -13.793434222943302 1.3806280263772328 10.12698140832663 -13.843339932532407 1.3823439274255049 10.093871427574291 -13.872682010316964 1.3834567401221667 10.036649034116104 -13.923574603936132 1.3855481277236528 9.9791848985413267 -13.974858353168907 1.387861951695025 9.9461359400077729 -14.004417488489425 1.3892803504623905 9.8900294919602931 -14.054672049468079 1.3918363342602473 9.8337082718067155 -14.105189582419023 1.3945722956191176 9.8008319293689894 -14.13469538470927 1.396247452510621 9.7441841060131029 -14.185553117810899 1.3992566080544522 9.6873127337047116 -14.236609669236129 1.4024312875876679 9.6546321049734996 -14.265941333141884 1.4043206225689746 9.5991931973364224 -14.315673979690725 1.4076307738769873 9.5435454450458916 -14.365551816022677 1.4110798049709103 9.5117221943238928 -14.394052540384029 1.4131057622293053 9.4580270753541136 -14.442095933058466 1.416611182644824 9.4041251493523177 -14.490264506674311 1.4202314137207774 9.373174626540159 -14.517891305122756 1.4223565972205163 9.3207160641218358 -14.564667175582903 1.4260261421775173 9.2680579247747357 -14.61154966138278 1.4297987759551236 9.2372673676263535 -14.638932921391905 1.4320402513046366 9.1841112512801573 -14.686145014518491 1.4359782316901051 9.1307429165748033 -14.73347611144877 1.4400055252801822 9.0994602153116251 -14.761183261757285 1.4424036842400505 9.0453241616775113 -14.809078246904463 1.4466060031597778 8.9909584319757965 -14.857099936359303 1.4508999979712669 8.9593819956232963 -14.884961631793869 1.453421925483805 8.9052281962658935 -14.932685936991938 1.4578019973906409 8.8508434344702795 -14.980550423558231 1.4622586416417163 8.8191852435692173 -15.008381611115759 1.4648819508640554 8.7647860090019858 -15.056159914658313 1.4694304369107922 8.7101405958108788 -15.104094619727356 1.474054955763042 8.6793657848374082 -15.13106717007455 1.4766808372868545 8.6282623650876022 -15.175819448086045 1.4810767937043499 8.5769470367722231 -15.220717241233617 1.4855319202801163 8.5553345978821937 -15.239616359461492 1.4874200192422633 8.5325017328062707 -15.25957718837793 1.4894230949336926 8.5096279753951958 -15.279572652051989 1.4914364471224941 8.4962939195803333 -15.291228451279034 1.4926153579688348 8.4733441045306321 -15.31129884072384 1.494648436948822 8.4503899748995028 -15.33139537275478 1.49669501318729 8.4402565418880897 -15.340283488235766 1.4976002651917997 8.428391553233233 -15.350706421046283 1.4986677887102753 8.4165541442232126 -15.361139183551058 1.4997346507424114 8.4096776889753944 -15.367216503309685 1.500360432979789 8.3979017437606274 -15.377675418704865 1.5014336092678364 8.3862175777310366 -15.388134332740155 1.5025135985764861 8.3809520236853086 -15.39288801281449 1.5030023873950493 8.3744909409036836 -15.398760016098592 1.5036115219024373 8.3680989159836923 -15.404631134506086 1.5042178320207455 8.3644112914217068 -15.408048317879299 1.5045739547927097 8.3581532328006798 -15.41391924690979 1.5051824839453714 8.3520090039645005 -15.419786121695006 1.5057946240176734 8.348581121096645 -15.423118090769233 1.5061413008377291 8.3429470013560429 -15.428705210057979 1.5067261428894996 8.3375022433079327 -15.434280255009591 1.5073103914706758 8.3344299039578935 -15.437523634192527 1.5076515262976622 8.3293606353034004 -15.443083978013691 1.5082381776459519 8.3246038833382379 -15.44862964091193 1.508825191642498 8.3225084508812888 -15.451213307141735 1.5091007147349418 8.3199240344653944 -15.454564431481643 1.5094571083139474 8.3175190606357692 -15.457900879091865 1.5098156696295189 8.3162080381676802 -15.459840767503708 1.5100225552729332 8.3141294662242924 -15.463158895235814 1.510382074375973 8.3122932529987086 -15.466465649656225 1.5107386062106765 8.3113875179297896 -15.468297102002904 1.5109399879155931 8.3101015172084267 -15.471293715711553 1.5112656341694142 8.3090884007112535 -15.474270175167909 1.5115953187358639 8.3086381281405615 -15.475995711896957 1.5117841379102515 8.3081228715477593 -15.478941608684851 1.5121141262002011 8.3079730547715513 -15.481865505529349 1.5124403391487686 8.3080685544713475 -15.48357329943495 1.5126352826757095 8.3085980863262048 -15.486516870795525 1.5129691319797829 8.3096258832197698 -15.489427817228737 1.5133062589485553 8.3104732014547711 -15.491092567988575 1.5134988836777739 8.3123771769094326 -15.493903313466927 1.5138308382740691 8.3149259780868974 -15.496669434434724 1.5141608648231353 8.3166868460257586 -15.498225742808691 1.514349888517903 8.3202078973780793 -15.500800111855543 1.514666253645238 8.3244842970430373 -15.503325992341285 1.5149829025784571 8.3273498634073935 -15.504765097913126 1.51516710218571 8.3329624208742512 -15.507190623180758 1.5154820609786557 8.3395367279842283 -15.509545514729668 1.5157982035091111 8.3436516112790127 -15.510830776100827 1.5159730010856627 8.3511704998067522 -15.512885154350666 1.5162632085094772 8.3596890794553929 -15.514871805817817 1.5165504521948312 8.3651231504031358 -15.515986334411588 1.5167195432437877 8.3753242777425445 -15.517835567293371 1.5170043986889941 8.3867235585514646 -15.519592970867807 1.5172926327189795 8.3974060627724008 -15.521012219881184 1.5175334680533843 8.4252192575689566 -15.523931967086204 1.5180827183945154 8.4586624427749459 -15.526409767305946 1.5186260621223453 8.4752239932392062 -15.527335957278343 1.5188658515242885 8.4958358330938459 -15.528272997639034 1.5191371125892934 8.5181744032257036 -15.529061138659529 1.5194111772803505 8.5319882383996575 -15.529446830041975 1.5195675913213607 8.5571521657079508 -15.529978433590333 1.5198393864622135 8.5842143471248544 -15.530333350227368 1.5201077164261512 8.6008962447729402 -15.530456379735593 1.520265329589779 8.6312175971116556 -15.530509634600051 1.520533704959107 8.6635726586635773 -15.530358300431962 1.5208018289464291 8.6833505919687841 -15.530167580906822 1.520956907850805 8.7189657471984017 -15.52966409503366 1.521222069899167 8.7566756855758179 -15.528917980417763 1.521486338862805 8.7796780838618513 -15.528369404882001 1.5216389505998102 8.8210379467646849 -15.527208218418833 1.5219030561593474 8.8644934905521797 -15.525774474650865 1.5221629390096638 8.8907392922172512 -15.524804371430836 1.5223153728721321 8.9374420245437385 -15.522905767159576 1.5225713911413052 8.9861230148400093 -15.520692681487745 1.5228283565841643 9.015589275626132 -15.519246223299074 1.5229750382894951 9.0681524930462185 -15.516463521840119 1.5232321373562767 9.1225436913017539 -15.513326146295066 1.5234822072345304 9.1549990556334464 -15.511328558315141 1.5236293919712292 9.2120660755087798 -15.507596866437918 1.523874189473615 9.2706565783873511 -15.503471486835384 1.524119077194193 9.3198700639321359 -15.49977745281652 1.524314142734909 9.4320857692606506 -15.4905594304426 1.5247422560359967 9.5476442156492052 -15.479876201920582 1.525151620583493 9.6160649633003317 -15.472955709711435 1.5253838872001959 9.734981793224204 -15.459805737452701 1.5257649708580685 9.8547602131720033 -15.445018568987974 1.5261268953772642 9.9265129812764563 -15.435353062204001 1.5263320091246166 10.052580379899439 -15.416767665809839 1.5266738118580543 10.176881119448201 -15.396217840375835 1.5269861093663495 10.247463172498195 -15.383450547146298 1.5271515310420354 10.36517005936973 -15.360154457181761 1.5274090397368223 10.478876244931218 -15.334963884180507 1.5276303215680382 10.527493505336039 -15.323273503639561 1.5277178794670432 10.582946428335182 -15.309200695967764 1.5278079865673035 10.636999390280982 -15.294652668233265 1.5278909769924636 10.667793644675511 -15.285973299438032 1.5279318754905478 10.719519102501017 -15.270694311047889 1.5279987403447663 10.769670654175725 -15.254982184177543 1.5280511522293443 10.798078266262696 -15.245652649275772 1.5280797832537696 10.845526939145328 -15.229324250223815 1.5281149313910307 10.891289406221405 -15.212607236139295 1.5281430839438142 10.91713735065149 -15.202708664810402 1.5281513793630841 10.960176857473657 -15.185421876937559 1.5281618624193352 11.001472338841909 -15.167804803843515 1.5281578583970059 8.7297040958631822
