BS2026_GAUSS_FIXTURE_V1 adaptive-guard-rho-0-g3-n32 75 3 6 accepted f47a6f789fa463abdfdb8d0b158a78bd228bbe85881199d601d086f49396ba6a
30000 210 0.053267187226441602 1 10000000000 100
-4.6051701859880909 -1.3862943611198906 0.037
0.29955882827377411 0.40455439185938541 8.289799046039942
0 0.0017401784986464804 0.0034803569972929609 0.0070071796942261467 0.010434299000077788 0.013878697639365565 0.017462323138165706 0.021339412457312277 0.024935484123759833 0.028528714000185359 0.03209440772850209 0.035660101456818825 0.043060057377785246 0.049912271847998887 0.056764486318212536 0.069680867764699478 0.082635177945534058 0.095621865272589174 0.10860855259964429 0.13484835575058032 0.1613630978427131 0.18912588227194291 0.21731961201958508 0.24655731645242637 0.27756678669198037 0.31006508076622458 0.34353951683236306 0.37791462918005037 0.41356104833656593 0.44999581436053016 0.48689553080332326 0.52390835032128458 0.5598079865330009 0.59560697583139999 0.63122588264820745 0.66460607144190453 0.69707235449200489 0.72932505623759647 0.7615816632700434 0.79367314786946042 0.824365842122738 0.85354199120862839 0.88271659201981412 0.91141265864159804 0.91895973630686711 0.9265068139721363 0.93461451548076191 0.93880326670498748 0.94268308570325021 0.94664022529305902 0.94848486820922939 0.95032951112539976 0.95224257270613966 0.95415563428687955 0.95603935922700234 0.95790361138257718 0.95972823477389335 0.96153096415075723 0.96329393885538406 0.965056913560011 0.96850529177423494 0.97024238238645466 0.97197079019483368 0.9737776130613689 0.97559633589737449 0.97739063641524493 0.97918493693311537 0.98259415145700113 0.98599671497006414 0.98945212831393081 0.99116745897060099 0.99288278962727128 0.99465726776643804 0.99643174590560468 0.99821587295280234 1
11.343730336285196 -14.768755757336026 1.5288436739907834
11.375907479967685 -14.753001913169964 1.5287668334361357
11.406210158072145 -14.737063445668451 1.5286780692791853
11.423000365244052 -14.727711861053628 1.5286210192575531
11.450431515840664 -14.711529716479378 1.5285139192425401
11.47611725565611 -14.695223429586799 1.5283956014091105
11.497341454684573 -14.680776492975516 1.5282823459151289
11.541445239123632 -14.647315193390043 1.5279907858029587
11.579408197629542 -14.613684521960501 1.5276583829791757
11.598639985326182 -14.594373578648971 1.5274503304759668
11.627348255371865 -14.561732534135068 1.5270710030545118
11.651654194340495 -14.529267198512734 1.5266599974562092
11.664008488373405 -14.510446827524589 1.526406572898271
11.682472616679162 -14.478295550200643 1.5259481626377542
11.697768510005151 -14.446542930948139 1.5254640352490092
11.705532366451292 -14.42790378507015 1.5251653123114228
11.717067110271708 -14.39566228798985 1.5246231001993611
11.726306406598502 -14.363988853866072 1.5240587190280706
11.730944934618494 -14.345091000207347 1.5237068292955314
11.737693484329375 -14.311905406648144 1.523061060295086
11.742769188479574 -14.279454848035428 1.5223946272659812
11.745004092714792 -14.261579436883951 1.5220124349061501
11.747885467165464 -14.23253483560714 1.5213680461337007
11.749906602270027 -14.204129210782728 1.5207091380422586
11.750751121634122 -14.187895976017167 1.520319521947445
11.751722974906832 -14.16050952938493 1.5196401078714663
11.752184240946356 -14.133739744799177 1.5189484196131544
11.752257236532417 -14.118497504548046 1.5185420657459179
11.75210434527385 -14.092872485617896 1.5178378505913914
11.751655891994483 -14.067821582207825 1.5171231411052879
11.751281803960193 -14.053500953773478 1.5167025624080441
11.750475730911987 -14.029329197318738 1.5159722708442893
11.749495106307736 -14.00569433721336 1.5152326935268206
11.748494969203801 -13.984986910354866 1.5145632973278726
11.745836703651664 -13.938517559163138 1.5129850151420707
11.742816068974989 -13.894118159244433 1.5113728440833696
11.741008903320258 -13.870094910557546 1.5104555210591184
11.737878921226047 -13.831693772435191 1.5089196224714774
11.734599920931284 -13.794828783840668 1.5073600601955683
11.732633699620832 -13.77404947089248 1.5064422313905419
11.729165881670799 -13.739456692634572 1.5048488358542411
11.72559388611163 -13.706210454034055 1.5032361857627274
11.722520155613489 -13.679292784596994 1.5018686261309862
11.71538359455116 -13.621963463825255 1.4987573059807406
11.707934032460379 -13.568656415077067 1.4955974747438412
11.703452606713832 -13.539311514136545 1.4937371298295152
11.695505262527664 -13.491594742273186 1.49050974773384
11.687265280562992 -13.447174183234148 1.4872564170899769
11.682331202467198 -13.422714249823537 1.4853518848487746
11.67361830648707 -13.382943968783227 1.4820654007658021
11.664626719876937 -13.345931248786501 1.4787724486577716
11.659267751878337 -13.32558764822072 1.4768557359403887
11.649847292087127 -13.292579353189504 1.4735662722549261
11.640163353762317 -13.261905533039947 1.4702868858353946
11.63143875313455 -13.236764111426726 1.4674172035721835
11.610650174942235 -13.184934941768148 1.4608860724336228
11.58887988136892 -13.140715604685127 1.454476041552601
11.575707593299967 -13.118045721020216 1.4507958514625179
11.552231799996749 -13.083974560740378 1.4445807393295691
11.527879632853621 -13.05580993661088 1.4385653311971938
11.51297647488375 -13.041601335637541 1.4350859011104855
11.486097136048445 -13.020895222307667 1.4291706979210299
11.458390769085769 -13.005196534621719 1.4235241573634447
11.441776285424798 -12.998126661121596 1.4203425989625227
11.412405348767109 -12.989326777398885 1.4150675240210016
11.382311053609918 -12.984551954630531 1.410093768531226
11.364150030004339 -12.983469571777288 1.4072895335407929
11.331833999784621 -12.984459896521917 1.4026424477563177
11.298866425020469 -12.988835483078809 1.3983240558745706
11.278804859604113 -12.992951408269779 1.3958914966819538
11.242815149376606 -13.002750495421692 1.3918736488779431
11.206220559244384 -13.015508654020481 1.3882141174047782
11.184142923913024 -13.024400408499512 1.386200613062603
11.144864292761932 -13.042174703557842 1.3829565200913843
11.105044694842135 -13.062445737350718 1.3800813940002055
11.081285469109496 -13.075490146360604 1.37855175615054
11.039465563612419 -13.099969920595905 1.3761756859729468
10.997181398516156 -13.126462451238456 1.374158205431413
10.972038886304048 -13.142945678808124 1.3731309575586994
10.927930115443896 -13.173024452639693 1.3716207449953424
10.883424730421389 -13.204698225535973 1.3704517331377926
10.856869556823064 -13.22415403549447 1.3699140607760001
10.810120633222928 -13.259294247883313 1.3692410614481512
10.763023049782083 -13.295704693780811 1.3688958703367702
10.735157006702053 -13.317663320674283 1.3688400476544629
10.686499506327493 -13.35665261538578 1.3689924641468985
10.637538242739526 -13.396608953829471 1.3694492293681768
10.608728070388928 -13.420413248595787 1.3698525416693412
10.558689866107322 -13.46220178673769 1.3707774134443467
10.508383186645631 -13.504703400064328 1.3719795356913131
10.478941653830473 -13.529769888715967 1.372803177067822
10.428078841611663 -13.573357720974041 1.3744245276012179
10.376973331983788 -13.617456605547623 1.3762943607870037
10.347571244368085 -13.642940745538406 1.3774741056867563
10.297649286308058 -13.686364657162834 1.3796429388707308
10.247512758015686 -13.730132174254319 1.3820214307464322
10.218277393373212 -13.755709835353018 1.3834967810795771
10.167948788575945 -13.799814260622625 1.3861823162635558
10.117411582339317 -13.844166886300208 1.3890563057438292
10.087977867345566 -13.870017288425304 1.3908084106840652
10.037367204201614 -13.914481920403828 1.3939499134773528
9.9865483388573466 -13.959130812155621 1.3972611804867201
9.95780933646218 -13.98437378619758 1.3992003370372452
9.9098818486986655 -14.026450519235727 1.4025367889385738
9.861766110205954 -14.06865679070212 1.4060101575768542
9.8340605328846706 -14.092939326080064 1.4080641859532488
9.7869709400286133 -14.134171492003617 1.4116423199247663
9.7396958627754593 -14.175510525828575 1.4153405060861375
9.7121865047447251 -14.199537828846827 1.4175394381878528
9.6649251360268948 -14.240766201287668 1.4213947705130974
9.617471842795549 -14.282094673200872 1.4253605996136762
9.5897630497391599 -14.306194830731787 1.4277185536108346
9.5419926283490977 -14.347686989606922 1.4318540010366385
9.4940202456706793 -14.389281426327557 1.4360930169048736
9.4660780636543862 -14.413474766983422 1.4386002901714345
9.4180259227414869 -14.45502195250991 1.4429752405357916
9.3697633069663642 -14.496678129804797 1.4474466667714352
9.3421915281680494 -14.520443432095856 1.4500345408922843
9.2957131313035148 -14.560453198514097 1.4544498512430184
9.2490324316913775 -14.600573285706911 1.4589486426712401
9.2224445416252774 -14.623396732377877 1.4615387035024825
9.177766691560473 -14.661705180386825 1.4659345571172695
9.1328975272484829 -14.700124710950821 1.4704021753491139
9.1066955411273742 -14.72253684359025 1.473034730866388
9.0615196175544614 -14.761139748690008 1.4776130140520776
9.0161445768744333 -14.799866279234745 1.4822598295772076
8.9898625903954894 -14.822278021104392 1.4849727794542502
8.9449207516256397 -14.8605702787374 1.4896468368766342
8.8998065475053707 -14.898993457601653 1.4943843734130671
8.8831911561623027 -14.913148306408457 1.4961412851553397
8.8712998555331346 -14.923288200542773 1.4974036712076473
8.8594143572907367 -14.933436710265493 1.4986703257919287
8.8525037683036789 -14.939346804664241 1.4994094607193389
8.8406508556295016 -14.949507811731047 1.5006828205883675
8.8288464498436223 -14.959675261695196 1.5019603829687997
8.8217583679964537 -14.965814758207095 1.5027335459750333
8.8092485036774857 -14.97674423348187 1.5041133365413539
8.7969628819253423 -14.987671969056073 1.5054978446566383
8.791643676016113 -14.992492430649879 1.506110354439657
8.7855302558470338 -14.998131794819329 1.5068285104989327
8.7795729596679344 -15.003765353397707 1.5075478702952343
8.7763178420381429 -15.006919691579739 1.5079516091631906
8.7711021505663567 -15.012124998165733 1.5086195703740135
8.7661382625076083 -15.017318738610808 1.5092885043816102
8.7633632718032999 -15.020364741082073 1.5096821373417604
8.758854118830314 -15.025635102989776 1.5103659177750048
8.7548257605781998 -15.030881130020974 1.5110506045074883
8.7532819879611168 -15.033110288450317 1.5113429836017052
8.7517349131568807 -15.035538593926098 1.5116626105124122
8.7503496278311701 -15.037958365947338 1.5119824072457022
8.7496250437963567 -15.039362310338388 1.5121686001953534
8.7485339704692358 -15.041766402570278 1.5124886475506829
8.7476568875442844 -15.044158980267616 1.5128088401089248
8.7472476512612705 -15.045571266535021 1.512998708477949
8.7467492562455682 -15.048030262838402 1.5133309944118196
8.7465559281653977 -15.050472555781663 1.5136634009893666
8.7465975252637431 -15.051885459294331 1.513856906931119
8.7469598861382867 -15.054297077731805 1.5141894694081977
8.7477268472546807 -15.056686177739756 1.5145221046535753
8.7483716628644075 -15.058054651511632 1.5147142349180747
8.7498445236203413 -15.060366851955374 1.5150418366538492
8.7518334946418417 -15.062649851857273 1.515369447920627
8.7532425690482025 -15.063957015213633 1.5155591220525684
8.7561285016487851 -15.066164058559945 1.5158833041396818
8.7596721664204136 -15.068333216085211 1.5162074177122604
8.762037070551699 -15.06956341730584 1.516393998546764
8.7666481990808318 -15.071619992961628 1.5167110458185284
8.7720678810750723 -15.073629017576726 1.5170279312410666
8.7756024656758793 -15.074767572815766 1.5172111577723693
8.7823706984648027 -15.076668379782415 1.5175239003010768
8.7901354249626884 -15.078509091264346 1.5178363646864728
8.7950906397576194 -15.079538968994241 1.5180160633185289
8.8043847438668248 -15.081235038275173 1.5183211025330392
8.8148594461222345 -15.082857661494748 1.5186257301289328
8.8215362592716495 -15.083765470535502 1.5188028049784219
8.8340730773980098 -15.085257466455309 1.5191066453955999
8.8480422696357781 -15.086656797425363 1.5194098902604427
8.8612816008895585 -15.087779854290236 1.5196701935074288
8.8959663957894239 -15.0900253459704 1.5202599352963384
8.9376316293002667 -15.09178100892745 1.5208459866559896
8.9582512801812921 -15.092375351936992 1.5211010508197069
8.983892337542482 -15.092915045454244 1.5213934783817062
9.0116468275076258 -15.093289262880711 1.5216844858725855
9.0287576615551046 -15.093425968580654 1.5218527150359702
9.0598325391271111 -15.093514489808522 1.5221397263295764
9.0931564892180514 -15.093408294013662 1.5224249168619883
9.1140752781500822 -15.093247546240114 1.522593721666339
9.1527956236195163 -15.092779410429754 1.5228883635697337
9.1940464508390392 -15.09206183833385 1.5231804572116323
9.2193030909467524 -15.091521583028957 1.5233497361409718
9.2648526141420255 -15.090369927336967 1.5236391625430545
9.3129059421811089 -15.088926175605373 1.5239253152504451
9.3418042069564677 -15.087952301696145 1.5240891256077984
9.3929632047353486 -15.086044423877762 1.5243657585038746
9.4463565448656244 -15.083813884005583 1.524638418798729
9.4784159131472467 -15.082361407440878 1.5247951449745576
9.5351050553526431 -15.079590664890127 1.5250608364706522
9.5936929299251492 -15.076460005610508 1.525321659886262
9.6444934067159434 -15.073527815204699 1.5255377008395545
9.762860740429451 -15.065908260238622 1.5260092344007121
9.8856565744857612 -15.056808073519669 1.5264578147451873
9.9585437278270046 -15.050802879583328 1.5267069199860854
10.085221530123318 -15.039218230988826 1.5271123641953903
10.212633885133066 -15.025966631718793 1.5274871301512705
10.28713169820846 -15.017396454157129 1.5276914146651597
10.414748164151138 -15.001133797990505 1.5280158123615994
10.53949012106904 -14.983051147606611 1.5283004195025898
10.592586983349191 -14.974605772345649 1.5284111582231208
10.652050570940359 -14.964558577658936 1.5285272440202016
10.710253396287962 -14.954068085752084 1.5286322117165421
10.743499021637481 -14.947760735755164 1.5286880693885512
10.799470698800221 -14.936580926751629 1.5287748788826598
10.853902267979626 -14.924976215658564 1.5288499020247446
10.885364126741155 -14.917909744214395 1.5288886764295881
10.938919316054802 -14.905220397079534 1.528946227589965
10.990604890166198 -14.892109404963472 1.5289906691241164
11.019797962558426 -14.884291158512902 1.5290104450097963
11.068397827300878 -14.870547006274705 1.529033901579939
11.114990055041178 -14.856427153136197 1.5290440154081268
11.141238905690598 -14.848021677797453 1.5290437425190471
11.184822336858925 -14.833268709559901 1.5290326116346546
11.226322549003005 -14.818192667453356 1.5290080468841731
11.249515295386608 -14.809279273230256 1.528987600392441
11.287723535105723 -14.793741390702737 1.5289419900754135
11.323872945116435 -14.777943995535013 1.5288832791646503
49.154299997722106 23.226001024768188 -0.10504581107809756
46.34176974356788 23.517619703897118 -0.12291820058421997
43.591825441318541 23.773870571169113 -0.14042908789514644
42.024014429916676 23.906853120481109 -0.15043915349791123
39.391986797796427 24.107994732290692 -0.16730591445985835
36.84450984230638 24.275245314600163 -0.18372801740278519
34.675832413685384 24.39525824377499 -0.19780485654444399
29.970766672824308 24.578924801568224 -0.22874980013159441
25.684428114007808 24.643252690053391 -0.25760680123459079
23.419043208420689 24.631324764663297 -0.27320512986120365
19.904481185065102 24.538847464378279 -0.2980414694161736
16.785617903067855 24.366566892682741 -0.32093775520214607
15.141630246490847 24.234295971165452 -0.3334352187658704
12.597052135932165 23.959985345895408 -0.35355191434808736
10.391687862335944 23.63661212435289 -0.37199134801459
9.2302931257201539 23.425785295999432 -0.38220387431116187
7.4374983767099199 23.029604364810332 -0.39888397153773447
5.9225702929373769 22.607210784073693 -0.41414932442312152
5.1252354461074523 22.34209863108202 -0.42277631171527774
3.9002727116179687 21.857023455095213 -0.43713731012758406
2.8971368343287098 21.363089939324269 -0.45029917135735725
2.418197679007311 21.084514944376679 -0.457217745561386
1.7397392635777642 20.624195788900046 -0.46800660005926542
1.1828894611309815 20.166941403652956 -0.47806756387201899
0.90676928038113958 19.903372734038467 -0.48362242595090521
0.50240973324342952 19.456172777297635 -0.49270409576876428
0.17298345948534999 19.017142455280695 -0.50126215599870094
0.01092437791679696 18.76681640493074 -0.50600844920721177
-0.22503510293216061 18.346029354898313 -0.51379961101988547
-0.41712015667602997 17.935359745071452 -0.52120675264180727
-0.51206315350411236 17.701156963689904 -0.52535630401455924
-0.65110747750246234 17.307092984383377 -0.53223055538897612
-0.76485557712760255 16.923602569641375 -0.53880429748811554
-0.84932626870185302 16.58932069288841 -0.54445104539507372
-0.99822729766860907 15.845872027157135 -0.55677073892053397
-1.1022015739976079 15.14482797905697 -0.56810002236437951
-1.147627224490765 14.769530324171216 -0.57405614915378167
-1.209341222261993 14.175474787942582 -0.58331603423880585
-1.2599305801485343 13.611854643423184 -0.5918896190917674
-1.2859866070547383 13.296974100129678 -0.59657851892247449
-1.3268877596486044 12.777067573071342 -0.60413770992808902
-1.364497118166504 12.282192539948085 -0.61108917033360144
-1.3944234212668452 11.884732529314272 -0.61647221898108095
-1.4583318952932056 11.046845464697252 -0.6271191173940428
-1.5195614382430065 10.276625529619023 -0.63586698332183766
-1.5544489585294046 9.8555375177902143 -0.64013604693406412
-1.613395177132664 9.1739907313788258 -0.64612366482115235
-1.671103181646771 8.5415679127258866 -0.65047991895680668
-1.7041874099427197 8.1935109739152328 -0.65230641957590152
-1.7601810192938501 7.6267606268297685 -0.65428721296900516
-1.815004910106967 7.0970047103360967 -0.65487834087771557
-1.8463739213208141 6.8042578284677733 -0.65461920092253711
-1.8993464247956664 6.3258083729713528 -0.65319704483506857
-1.9511425403450862 5.8759859645088701 -0.65061211457383183
-1.9956952771774696 5.5022634649713948 -0.64744438841236196
-2.094687439397382 4.7116294781683559 -0.63729081745321237
-2.1888962855569578 4.0046528991694821 -0.62361192910253205
-2.2418293774329241 3.6248246104680475 -0.6142045580469262
-2.3295074600505754 3.0205362187921749 -0.59587152039964142
-2.4125108433749625 2.474475064565929 -0.57531045826884231
-2.4597897730439646 2.1738138470504458 -0.56218913507706159
-2.539074191260192 1.6852268634545364 -0.53784571264074388
-2.6136199803996147 1.242414660452801 -0.51221691889516141
-2.6552154428835473 1.001875755988703 -0.49673635578747688
-2.7236503229445241 0.61575146089325394 -0.469372139186858
-2.7877061513731096 0.26464355657308225 -0.44154653266278482
-2.8236998465236787 0.071552120005966155 -0.42494075063053166
-2.8832895032941277 -0.24169812069997454 -0.39585080429875419
-2.9387759657043455 -0.52635449296855741 -0.36688667121675372
-2.9701830481195701 -0.68451287996415211 -0.34965350658905897
-3.0224990786086141 -0.94321452889044555 -0.31953078706644672
-3.0709131274281884 -1.1772842535886421 -0.28998342639231262
-3.0980272571246301 -1.30607432140821 -0.27269503397863926
-3.1427611615032918 -1.5148054501622432 -0.24293857495044829
-3.1839868578043142 -1.7028060192476604 -0.21406620960888939
-3.2068121741949716 -1.8049652796434306 -0.19744785244250784
-3.2440983037816591 -1.9686332892579919 -0.16927197353789755
-3.278431790326596 -2.1154657873481604 -0.14212955180115161
-3.2974124399324571 -2.1948644136322186 -0.1266078483543793
-3.328398918586267 -2.3214412038202497 -0.10044198424723336
-3.3569935318237629 -2.4344720597051785 -0.075351205158997445
-3.3729195354710502 -2.4956458725114459 -0.060976509321251926
-3.3991243050966076 -2.5931628572160719 -0.036697060206415839
-3.4234287231544851 -2.6796603622777093 -0.013488026862235327
-3.4369377189493471 -2.725886550782008 -0.0003143498072316426
-3.4591619452845603 -2.798716855574126 0.021750913040447309
-3.4799907328736683 -2.8629477399907466 0.042821650479667003
-3.4916237382794972 -2.8969630402391355 0.054721279898223167
-3.5108797951731638 -2.9501051354198409 0.074563649846166744
-3.529195839154637 -2.9967552547888401 0.093521450166881639
-3.5395044571716219 -3.0212593801421024 0.10418380820945967
-3.5567127026516552 -3.0592688879577414 0.12189804209494395
-3.5733652666861229 -3.0925606980020599 0.13885176693513779
-3.5827109720071877 -3.1097503873853731 0.14824537522343359
-3.5982650529034981 -3.1360325896261245 0.16362871620401873
-3.6135757949472516 -3.1591762643396155 0.17840369833872297
-3.6223981397435443 -3.1713528656897689 0.18672566962359097
-3.6374603389708291 -3.190322012600519 0.20057506607895514
-3.6524887434716997 -3.2071555914259968 0.21391006282856456
-3.6612245135945445 -3.216077603981943 0.22142778005921498
-3.6762566218088875 -3.2301141263565372 0.23395054321319131
-3.6914093686440754 -3.2427913204515528 0.24603995153098451
-3.7000229170254468 -3.2494328959584058 0.25267358815731233
-3.7144830506346862 -3.2598006535605317 0.2634273892022988
-3.7291456578063049 -3.2694727336953502 0.27385486408551302
-3.7376653899087606 -3.2747727503404227 0.27970006148102367
-3.7522893254835568 -3.2834256142151039 0.28938132340038863
-3.7671679143100709 -3.2917707993316316 0.29879515905292919
-3.7759230629607861 -3.2965160985657604 0.30413887607848972
-3.7911403976757856 -3.3045491619152161 0.31309975522370148
-3.8066520832432311 -3.3125430180045337 0.32183050696076204
-3.815820987859543 -3.317212261963876 0.32681068336855995
-3.8318256088117768 -3.3253173246145793 0.3352017230698755
-3.8481530805521524 -3.3335859779765848 0.34339101174697823
-3.8577825188933947 -3.3384872591850168 0.34805621748655913
-3.8745486489712126 -3.3470999119831073 0.35590639011384972
-3.8916509275532145 -3.3560255899563014 0.36358056181932474
-3.9015391198799843 -3.361265510719913 0.36787401607636672
-3.918400523021496 -3.3703533033408331 0.37496831708502765
-3.9355761088732977 -3.379826736577999 0.38191952237462423
-3.9454653134437221 -3.3853872594306802 0.38580375450216187
-3.9622542242102385 -3.3950129144787096 0.39221275365166802
-3.9793266198628516 -3.4050481079538799 0.39850559832175703
-3.9893914638161907 -3.4110840105533549 0.40211617300069097
-4.0068989538455799 -3.4218017899751088 0.40823395085530001
-4.0246356930826179 -3.4329660255602632 0.41424656962198403
-4.0349112667327383 -3.4396093339525708 0.41767070328810846
-4.0520261793996211 -3.4512798355965919 0.42342977330030451
-4.0659291359728229 -3.4631691597623617 0.42909403665681578
-4.0682313590143631 -3.4675173428291028 0.43115193304432392
-4.0677247837070869 -3.4705341946384354 0.43261604892843825
-4.0642611605124142 -3.473412433511891 0.43407261377777434
-4.060257742153822 -3.474989583990082 0.43491657188833094
-4.0483593019664781 -3.4774469070818603 0.43635958830812888
-4.0270676114594881 -3.4793980425082331 0.43779207900947492
-4.0075458473573464 -3.4802134129767084 0.43865068632927329
-3.9542348008059895 -3.4806766073854583 0.44016502456624795
-3.8647207033214475 -3.4791053584777898 0.44165539957250066
-3.808311926063042 -3.4774926927722389 0.44230334445124986
-3.7243465760242902 -3.474601224187956 0.44305188571576831
-3.6158390924270005 -3.4703354418934929 0.44378733596553877
-3.5417658487875285 -3.4672065436068231 0.44419275699663746
-3.3937259952375483 -3.4606080603800304 0.44484983322077143
-3.2066194839174158 -3.4518121927597045 0.44548753413481867
-3.0744589361859571 -3.4453988054454698 0.44585158956311838
-2.7975993451848917 -3.4316084853060125 0.44646055966581116
-2.4470326839234926 -3.4136423411955099 0.44703428960173314
-2.2705000606775831 -3.404459784441944 0.44726637608281333
-2.0563488646073798 -3.3932160955033632 0.44750988866003921
-1.817579190610539 -3.3805708412867794 0.44774178519253593
-1.6662142126340385 -3.3725046172950806 0.44787090296736437
-1.3828115297256109 -3.3573127603450703 0.44808176897621538
-1.067159688077536 -3.3402703023370832 0.4482773906451426
-0.86340857280599392 -3.3292112305744466 0.44838548039766751
-0.47435945611432973 -3.3079837956145841 0.44855913364323852
-0.039933313614014587 -3.2841234081836519 0.44871113706817717
0.23573281699588872 -3.2689078377300742 0.44878866829226349
0.75224983986478489 -3.2402571494447741 0.44890124609124282
1.3278809662111939 -3.2081232444827075 0.44898509368853778
1.6896475611386421 -3.1878287887798571 0.44901916531208497
2.3602688496256925 -3.1500186250543751 0.44905065538855182
3.1044942271083453 -3.1077794426820007 0.44904529327186871
3.5718011879293337 -3.081116750496534 0.44902374695430386
4.4373633333045834 -3.0314556126697814 0.44895260118222485
5.3937190632193275 -2.9761730399352775 0.44883396171771267
5.9886491554343735 -2.9415724897947144 0.44874210096816897
7.079394254076246 -2.8777216379131607 0.44854278813111387
8.2769855648677417 -2.8069953932793066 0.44828404161488089
9.0216954955130078 -2.7626914360561172 0.44810478362060496
10.386833037093538 -2.6808293103433547 0.44774398547300898
11.876184611810647 -2.5905459367614667 0.44730803292490351
12.792647543834677 -2.5344830845409918 0.44702006615183232
14.45365391798707 -2.4318693032797079 0.44646333407683375
16.250770111196527 -2.3193502020441681 0.445814382717863
17.36158693774782 -2.2490060285650095 0.44539070596051983
19.385111958546347 -2.1192533295576692 0.44457709577840637
21.557193423732212 -1.9775785703945639 0.44364625720176992
23.546505052063793 -1.8455629013753188 0.4427433478205508
28.489003565648435 -1.5075113650971552 0.44029529630640957
33.999775472736061 -1.1120399255476727 0.43721689638133948
36.579240272503164 -0.91941441915730582 0.43564299608874429
39.66452589999745 -0.68209255211549591 0.43364159643576417
42.861997752826227 -0.42749140005322389 0.43142144559536472
44.763883632502477 -0.27152015471121799 0.43002529651617738
48.089999353945458 0.010123093677581095 0.42743681223940577
51.483455536012265 0.31023744716516805 0.42458539377432081
53.526449550531332 0.49780809329855913 0.42275544314342373
57.139118346622581 0.84367268780921512 0.4192863630624431
60.758675691783765 1.2107077713280958 0.41547240172052069
62.863383345874183 1.4349179415037177 0.41307622564104818
66.454990297265425 1.8386702021051422 0.40863559712165137
69.972543884430976 2.2642787614435966 0.40378108381803524
71.95941659418294 2.5202982995855243 0.40077574821371137
75.250381760095323 2.9740671376463257 0.39529288606052881
78.389830102952018 3.4489162565506617 0.38934264417509756
80.135812097105173 3.7349046695979635 0.38565459358148546
82.978221367773259 4.2426529101060586 0.3789143913739591
85.600343642762226 4.7707411849329313 0.3716443097544922
87.625397397805287 5.2318926753540209 0.36508010538515284
91.495095414623023 6.3204678898417033 0.34879212930759673
94.333299547958603 7.4746232048615449 0.33031259502725013
95.484386654097833 8.173542972695369 0.31851725028969757
96.588740828931392 9.415742996042118 0.29642014089944818
96.599197262871201 10.703428525357094 0.27195770221227877
96.111088496936645 11.475167578302965 0.25651468984700598
94.445774899044736 12.830324396979474 0.22790906999913985
91.815249099990695 14.195076541317274 0.19704928749353504
90.394725374253255 14.78742154509845 0.18295722303089781
88.588893056135802 15.458305933669877 0.16644347128334994
86.599219122933832 16.12196132752776 0.14948634374468456
85.362948520066325 16.503800305187347 0.13942914793798791
83.115401836723365 17.150483367138044 0.12185412806603248
80.72647601440147 17.78296181659967 0.10394650795896587
79.252547648861409 18.149603878835116 0.093208161838041426
76.583399509659756 18.774400427089446 0.074238466317889773
73.811707789290196 19.376649325154641 0.055057329076075218
72.15905109032154 19.715694492182834 0.043821241973043955
69.264428002109909 20.276864156852373 0.024432132304688412
66.316548626878884 20.809036283169561 0.0049920100668998033
64.578968886033095 21.105347608271195 -0.0063509414655755752
61.567727828178825 21.589960694311255 -0.025847828496360026
58.54929919400417 22.040452699703721 -0.045233927009229784
56.795914033360738 22.286384265730774 -0.056441295401180813
53.799612650880796 22.680338006501142 -0.075530032749694137
50.836836783534146 23.037517719833591 -0.094359657358316765
11.334009408278135 -14.773300941835092 1.5288642534540637 11.414681562659004 -14.732395176598416 1.5286494229857508 11.483272321452276 -14.69045737478241 1.5283598246544279 11.589383583216815 -14.603890683812361 1.5275535846011314 11.657975568774017 -14.519867293045301 1.5265356995313708 11.701689414415288 -14.437388159593365 1.5253177065591343 11.728618920500095 -14.354883281750194 1.5238915838849418 11.743980107572694 -14.270152482009411 1.5221960777774086 11.750356966332012 -14.195982269593628 1.5205158145298301 11.752238123210985 -14.126064430159493 1.5187439652910328 11.751477857619591 -14.060637536246267 1.5169142047586108 11.74918277706265 -13.998915545516123 1.5150149199740948 11.741886605655948 -13.881569633072152 1.5108985520219878 11.733622931575841 -13.78437802101965 1.5069013462688388 11.724535162736267 -13.696779732719524 1.502764127548837 11.705710378105644 -13.553850852929308 1.4946697515632241 11.684812417161773 -13.434832438788991 1.486306367747273 11.661959691619657 -13.33565132667932 1.4778137893611707 11.637295801044566 -13.25339826423426 1.469335410645972 11.582368298377157 -13.129154596497827 1.4526387094560744 11.520634754328569 -13.048638811485535 1.4368554690370448 11.450181045676331 -13.001497301655004 1.4219338339144032 11.373424160500406 -12.983864709425758 1.408703283991442 11.289157813215517 -12.990697185229223 1.397129554494549 11.195464480412625 -13.019735572790262 1.387214829162037 11.093362358573316 -13.068775103724683 1.379313249825441 10.98479514240975 -13.134519274461935 1.3736356933701452 10.870403923414356 -13.214188037310299 1.3701745251823394 10.749256383628317 -13.306517423380187 1.3688539026628597 10.623236220610151 -13.408399652254651 1.3696382961084512 10.4936961826981 -13.517192262274376 1.3723786122387698 10.36205688437995 -13.630375061044898 1.3768845633910864 10.232884179971105 -13.742926794174906 1.3827507824709944 10.102665633178406 -13.857115533973836 1.3899278846809315 9.9717218507421865 -13.972155265019731 1.3982549562859681 9.8477280335923716 -14.080961811316829 1.4070467261918009 9.7259047490754948 -14.187559149138023 1.4164381051101209 9.6036256249577203 -14.294140216112851 1.426535480321617 9.4800230335065301 -14.401404105061401 1.4373452627869523 9.3556780366224856 -14.50882156249088 1.4487658769021712 9.2354110189809759 -14.61226860663346 1.4602731000589344 9.1198035617776938 -14.711326971951099 1.4717154804691341 9.0029037389060171 -14.811158504865956 1.4836249088278111 8.8866505777522153 -14.910200299123908 1.4957744264109785 8.8559587003378812 -14.936390436210859 1.4990401609301902 8.8254239719115812 -14.96263593057839 1.5023323626743557 8.793446646647574 -14.990849651722728 1.5059022833627795 8.7778742058041743 -15.005404227386222 1.5077566470847945 8.7647496285595423 -15.018826545603149 1.5094841962386778 8.7537600749917228 -15.032403030746602 1.5112490857199221 8.7499792596945198 -15.038660022695387 1.512076463992569 8.7474454692578938 -15.044853488790082 1.5129010468174202 8.7465613569458007 -15.051179313410659 1.513761149495126 8.7480328714579478 -15.057377185497176 1.5146179241941904 8.7525162484068151 -15.063307984547478 1.5154657316696074 8.7608370728641045 -15.06895685064603 1.5163008148171764 8.7738068321366267 -15.074204024841803 1.5171209366522056 8.7925954528452515 -15.079032434703119 1.5179264874079428 8.8181416516319153 -15.083315369383632 1.5187149297276199 8.8523918208753987 -15.087044990300273 1.5194974832056301 8.9511750273882704 -15.092189443449401 1.5210161114088592 9.0201320230244999 -15.093364742052236 1.5217686118584557 9.1032815415385553 -15.093339807783822 1.5225076675510405 9.2065271240508775 -15.091803202648148 1.523264953717129 9.3273511816363097 -15.08844989160586 1.5240077742231779 9.4622990457138663 -15.083101138046713 1.5247172597054273 9.6110757199634307 -15.075480359271602 1.5253961676711265 9.9220264808080554 -15.053868432700611 1.5265841693968909 10.249640958636769 -15.021789767053646 1.5275893158877381 10.575064388426762 -14.977444536121716 1.5283760907274995 10.726935621441177 -14.95093374043209 1.5286597828510498 10.869438788368102 -14.92152001115779 1.5288703984105345 11.005283959490628 -14.888217956323839 1.5290001582030326 11.128165495244563 -14.852249988204637 1.5290454370313971 11.238007279306617 -14.813748861220878 1.5289973862948012 11.343729796930113 -14.768755340166249 1.528844664141451 11.375908132759287 -14.753002197911016 1.5287658729520397 11.406209404909655 -14.737063299055215 1.528678980872614 11.42300120370288 -14.727711866604579 1.5286201748003403 11.450430608867258 -14.71152985210181 1.5285146796617202 11.476118212991016 -14.695223155505465 1.5283949402477583 11.497340466149232 -14.680776900030011 1.5282828945855043 11.541446239073865 -14.647314661509585 1.5279903606052014 11.579407206278427 -14.61368516802133 1.5276586761939788 11.59864094823628 -14.594372831338681 1.527450175112814 11.627347340175437 -14.561733367737398 1.5270710174564195 11.651655043505592 -14.529266295302921 1.5266601243038007 11.664007722235684 -14.510447782264135 1.5264063073400356 11.682473284455254 -14.478294563040484 1.5259485615914836 11.697767953956232 -14.446543930770895 1.5254635108848476 11.705532799643716 -14.427902792596257 1.5251659515908647 11.717066808606127 -14.395663253250509 1.5246223587998216 11.7263065706994 -14.363987935138345 1.524059547708591 11.730944911366759 -14.3450918540138 1.5237059299200764 11.737693366266562 -14.311904634851908 1.5230620123644698 11.742769445493906 -14.27945552237394 1.5223936415583439 11.745003701893086 -14.261578873500051 1.522013434523096 11.747885983972246 -14.232535276760293 1.5213670526147862 11.749905969822059 -14.204128900690003 1.5207101055778538 11.750751857064826 -14.187896148842954 1.5203185997604005 11.751722151213045 -14.16050949728519 1.51964096625238 11.75218513641699 -14.133739635530395 1.5189476422188712 11.752256287207787 -14.118497752998335 1.5185427465940187 11.752105329451737 -14.092872102958832 1.5178372799166524 11.751654892661664 -14.067822091416739 1.5171235901846063 11.751282798446288 -14.053500328206535 1.516702243912472 11.75047476117726 -14.029329926722983 1.5159724523814242 11.749496031881847 -14.00569351857084 1.5152326525815898 11.748494106315677 -13.98498780185052 1.5145631968616802 11.745837486583088 -13.938516612657638 1.5129852550088549 11.742815381670642 -13.894119141815464 1.5113724696169288 11.741009481241127 -13.87009391158715 1.5104560226302672 11.737878464255747 -13.831694767810554 1.5089190038345703 11.734600247804751 -13.794827811982785 1.5073607835162115 11.732633509386572 -13.774050399781142 1.50644141786343 11.729165931458311 -13.739455825306845 1.5048497233050708 11.725593977767362 -13.706211242441279 1.5032352421505142 11.722519924349005 -13.67929209089025 1.5018696070181783 11.71538396079564 -13.621964048946973 1.4987563074510337 11.707933538566291 -13.568655950251589 1.4955984709304841 11.703453218372234 -13.539311849362297 1.4937361559246187 11.695504545347294 -13.491594543356705 1.4905106798642771 11.68726608891096 -13.447174241860044 1.4872555453905965 11.682330319130722 -13.422714332661625 1.4853526786700293 11.673619247132068 -13.38294374613916 1.4820647007110106 11.664625740750433 -13.345931606780324 1.4787730409344981 11.659268749889122 -13.325587162042389 1.4768552632961496 11.649846295167251 -13.292579957821481 1.4735666158067 11.640164329637924 -13.261904822056039 1.470286678252277 11.631437817835367 -13.236764914532218 1.4674172710318674 11.610651050944972 -13.184934062615234 1.4608861464475789 11.588879082195827 -13.140716542289212 1.4544758275463949 11.575708299647959 -13.118044743731113 1.4507962011776383 11.552231200611418 -13.083975558154052 1.4445802609050848 11.52788011327959 -13.055808939035877 1.4385659287553725 11.512976123032871 -13.041602313407402 1.4350851963787434 11.486097352281934 -13.020894283913018 1.429171495721125 11.458390692797582 -13.005197414859181 1.4235232824629711 11.441776220240772 -12.99812585665928 1.4203435334522359 11.412405554118687 -12.989327489984737 1.4150665486458667 11.3823107122009 -12.984551348183555 1.4100947652696427 11.364150500637493 -12.983470059947349 1.4072885353888207 11.331833409347057 -12.9844595363995 1.4026434273438269 11.298867123444831 -12.98883570794573 1.3983231144579751 11.278804067171921 -12.992951323159065 1.395892381085176 11.242816019956093 -13.002750439072706 1.3918728391894304 11.206219627942257 -13.015508850701341 1.3882148361726601 11.184143897297773 -13.024400075423344 1.386199999601496 11.144863296776863 -13.042175166362792 1.3829570159672882 11.105045693492874 -13.062445154080027 1.3800810256344642 11.081284487781087 -13.075490838422867 1.3785519896332759 11.039466507977203 -13.099969133593699 1.376175592046375 10.997180510016465 -13.126463317428749 1.3741581579218798 10.972039701155321 -13.142944750766548 1.3731311455534339 10.927929390550297 -13.173025423957792 1.3716204202781224 10.883425350848563 -13.204697230382285 1.3704521880782807 10.856869053280166 -13.224155034565735 1.3699134847178809 10.810121009803133 -13.259293264890887 1.3692417470940943 10.763022807701827 -13.295705641019797 1.3688950888262112 10.735157109437125 -13.317662428147733 1.3688409093876983 10.68649954499385 -13.356653435335971 1.368991539438583 10.637538063445646 -13.396608222866949 1.3694501985435292 10.60872838672176 -13.420413875940422 1.3698515474250033 10.55868941906694 -13.462201275567251 1.3707784128578628 10.508383755446046 -13.504703784829491 1.3719785511118869 10.478940974654568 -13.529769638057155 1.3728041271067943 10.428079617569347 -13.573357832509563 1.3744236311177358 10.376972474775124 -13.617456635367777 1.3762951857718724 10.347572165670693 -13.642940574959429 1.3774733687125789 10.297648319351387 -13.686364965086495 1.379643573083674 10.247513751272779 -13.730131735149067 1.3820209119884996 10.218276393695746 -13.755710396851166 1.3834971739995554 10.167949774665233 -13.799813587969972 1.3861820570458276 10.11741062957479 -13.84416765664422 1.3890564260710625 10.087978767715743 -13.870016435808372 1.3908084316556772 10.037366374246702 -13.914482838228544 1.3939497516266426 9.986549081785439 -13.959129847493388 1.3972614799770855 9.9578086954306162 -13.984374778389608 1.3991999059015263 9.9098823750034484 -14.026449519372633 1.402537343090462 9.8617657091619453 -14.068657778224013 1.4060094915001506 9.8340608006410068 -14.09293837066463 1.4080649506232379 9.7869708109190956 -14.134172396189946 1.4116414719663666 9.7396958506540319 -14.175509690968646 1.4153414203610546 9.7121866578544882 -14.199538577670628 1.4175384758956369 9.6649248449932905 -14.240765553487709 1.4213957615623267 9.6174722659279563 -14.28209520701127 1.4253595996432904 9.5897625029769475 -14.306194421595169 1.4277195424879627 9.5419932877976645 -14.347687265880888 1.4318530430451504 9.4940194867346239 -14.38928128844587 1.4360939248365154 9.4660789068878195 -14.413474763713127 1.4385994504718969 9.418025012088 -14.455022096866729 1.4429759951966332 9.3697642668131707 -14.496677847250755 1.4474460122538315 9.3421905383392652 -14.520443847191801 1.4500350821664756 9.295714131302848 -14.560452659184397 1.454449434045846 9.2490314415364896 -14.600573938475677 1.4589489274411893 9.2224455021177629 -14.623395979235216 1.461538556859429 9.1777657799546528 -14.661706018829225 1.4659345626983658 9.1328983717218417 -14.700123803990111 1.4704023109416808 9.1066947806886169 -14.722537800916443 1.4730344568140443 9.0615202787384295 -14.76113876015922 1.4776134210790388 9.0161440281788572 -14.799867279184678 1.4822592977222764 8.9898630156205304 -14.822277029749321 1.4849734254920712 8.9449204583820165 -14.860571241655633 1.4896460895863748 8.8998067028983012 -14.898992542393076 1.4943852069987456 8.8831911417302543 -14.913149155589474 1.4961403819584653 8.871299728715444 -14.92328743438568 1.4974046259382259 8.8594146228199104 -14.933437378064022 1.4986693386365848 8.8525033693775921 -14.939346248590267 1.499410460541527 8.840651379967996 -14.949508244950641 1.5006818281107828 8.828845810587362 -14.959674960000875 1.5019613482373353 8.8217591093757637 -14.96581492233773 1.5027326272354031 8.8092476750138378 -14.9767442102 1.5041141903634987 8.7969637812876176 -14.987671851023196 1.5054970728412349 8.7916427239559507 -14.992492687635078 1.5061110288004282 8.7855312415495916 -14.99813140402537 1.5068279470901289 8.7795719600518236 -15.003765870178682 1.5075483114754398 8.7763188355604829 -15.006919059155122 1.5079512990418082 8.7711011830231431 -15.01212573357601 1.508619743229491 8.7661391847063097 -15.017317914934114 1.5092884722517412 8.7633624134069219 -15.020365636539289 1.5096820281029415 8.7588548962435588 -15.02563415367462 1.5103661661960959 8.7548250797080218 -15.03088211419352 1.5110502218762749 8.7532825586606098 -15.033109289118599 1.5113434927846747 8.751734464050628 -15.035539588415356 1.5116619849689872 8.7503499463553158 -15.03795739620525 1.5119831366293268 8.7496248622295791 -15.039363235923911 1.5121677815701475 8.7485340114445851 -15.041765539666921 1.5124895390326811 8.7476569879804842 -15.044159763217792 1.5128078936131526 8.74724741142375 -15.045570579208778 1.5129996910433761 8.7467496306840573 -15.04803084078387 1.5133299954427917 8.7465554266203274 -15.050472098784551 1.5136643963676237 8.746598143876966 -15.051885786196287 1.5138559350661354 8.7469591628384595 -15.054296887467951 1.5141903983080236 8.7477276607642622 -15.056686227557377 1.5145212373108434 8.7483707754274711 -15.058054743137346 1.5147150233438418 8.7498454672225741 -15.060366620720217 1.5150411429253938 8.7518325137605153 -15.062650218073703 1.5153700330667907 8.7532435675762752 -15.063956521345757 1.5155586572004005 8.7561275054595118 -15.0661646701945 1.5158836393938342 8.7596731403321506 -15.068332498925848 1.5162072187662374 8.7620361384103465 -15.069564225636061 1.5163940572027517 8.7666490707949833 -15.071619109639283 1.5167111286265762 8.7720670872354862 -15.073629958211493 1.517027708626387 8.7756031657521962 -15.07476659369539 1.5172115157380464 8.7823701061637873 -15.076669377791299 1.5175234141490876 8.7901358976334922 -15.078508094342107 1.5178369692944385 8.7950902961775359 -15.079539944876428 1.5180153523558191 8.8043849514794292 -15.081234102965324 1.5183219056205697 8.8148593786324749 -15.082858537512024 1.5186248509903841 8.821536185287755 -15.083764671344291 1.5188037425720249 8.8340732913747697 -15.085258172824638 1.5191056681128852 8.8480419199488995 -15.086656198015902 1.5194108876719492 8.8612820792875713 -15.087780334742643 1.5196691959303288 8.8959657982554159 -15.090024994091305 1.5202609130725198 8.9376323340106225 -15.091781225190372 1.5208450482509241 8.9582504823993716 -15.092375275618748 1.5211019310714728 8.9838932124283559 -15.0929149803003 1.5213926739014849 9.0116458930286445 -15.093289468202787 1.5216851984795852 9.028758636923591 -15.09342562719997 1.5218521085650261 9.0598315423911284 -15.093514960415078 1.5221402145259448 9.0931574873718546 -15.093407703600427 1.5224245567114494 9.1140742985565133 -15.093248244642902 1.5225939465626332 9.1527965650462768 -15.092778618015949 1.5228882784289852 9.1940455664217478 -15.092062708898505 1.5231804008927425 9.2193039006529549 -15.09152065173781 1.523349932792277 9.2648518953531855 -15.090370900714808 1.5236388294953112 9.3129065556660215 -15.088925179623004 1.5239257780286737 9.3418037110543874 -15.087953300348449 1.5240885423615937 9.3929635731291139 -15.086043442543556 1.5243664505443784 9.4463563113535773 -15.083814828380282 1.5246376318151214 9.4784160071038297 -15.082360518927354 1.5247960111497867 9.5351051028320661 -15.079591479758873 1.5250599084403045 9.5936927419600213 -15.076459280696145 1.5253226311971944 9.644493731404653 -15.073528435655515 1.5255367056888325 9.7628602855158064 -15.065907756669681 1.5260102334732755 9.8856571505192399 -15.056808450127798 1.5264568317472267 9.9585430422030043 -15.050802637473824 1.5267078672347323 10.08522231161507 -15.039218333753881 1.5271114716552452 10.212633023415124 -15.025966670355029 1.5274879501187166 10.2871326229053 -15.017396274892906 1.5276906836820663 10.414747194983214 -15.001134114294741 1.5280164397297085 10.539491115310147 -14.983050700593193 1.5282999083062423 10.592585983934644 -14.974606341121271 1.5284115430161085 10.652051555525059 -14.964557898505157 1.5285269933322079 10.710252446239581 -14.954068861690752 1.5286323232820198 10.743499918134319 -14.947759878562024 1.5286880991785732 10.799469873798316 -14.936581848042515 1.5287747083333856 10.853903004974178 -14.924975248709577 1.5288502099197263 10.885363492504906 -14.917910737467993 1.5288882373514192 10.938919834838506 -14.905219397401302 1.5289467890631687 10.9906044972185 -14.89211039105777 1.5289899964937681 11.019798221805269 -14.884290205739219 1.5290112153345883 11.068397706943719 -14.870547906657999 1.5290330489787591 11.114990034099703 -14.85642632316447 1.529044933220876 11.141239067511561 -14.848022420745723 1.5290427778647571 11.184822037397321 -14.833268068505202 1.5290336038229235 11.226322980111524 -14.81819319378377 1.5290070470205805 11.249514741259812 -14.809278872158634 1.5289885879190808 11.287724201159943 -14.793741658488116 1.528941034651079 11.323872180465871 -14.777943866395603 1.5288841833638551 8.6513990135842462
