BS2026_GAUSS_FIXTURE_V1 adaptive-canonical-g3-n32 72 3 6 accepted f47a6f789fa463abdfdb8d0b158a78bd228bbe85881199d601d086f49396ba6a
30000 225 0.10000000000000001 1 10000000000 100
-4.6051701859880909 -1.3862943611198906 0.037
0.29955882827377411 0.40455439185938541 8.289799046039942
0 0.0034514763459376312 0.0069054362748469499 0.010348123506830537 0.01379413338556767 0.017296003131656492 0.020802551425849851 0.024425148873796213 0.028052208906188744 0.031510035100505013 0.034975340185750388 0.04185542300391102 0.048748256223947704 0.055668265249126582 0.069061262210480312 0.082402190989831842 0.095845855025890644 0.10924808688192748 0.12271112014712729 0.13616717145894691 0.1633429429175185 0.1913528930197671 0.22090817665205575 0.25167193265209742 0.28468357907789732 0.31942078531559348 0.35552171409997313 0.39294408592749897 0.43141675243186706 0.47042328814841861 0.50956560187402467 0.54845356422165126 0.58556170933442431 0.62118220267671653 0.65617244109106221 0.68918538300967569 0.7205905113217016 0.74929287490832908 0.77684552721578681 0.80431259159635626 0.83176819983448547 0.85888459317905352 0.88586900581208361 0.8997850593055543 0.91373164440608923 0.92125523115584029 0.92509429863718184 0.92893589394020704 0.93307124190646107 0.93695981713653509 0.94058915850836666 0.94422925764288679 0.94610938815456902 0.94797069825423208 0.94978488440244879 0.9516116565944388 0.95513874127525156 0.95863926843494818 0.96212671145913453 0.96387300476509807 0.96561801179968043 0.96738854837650368 0.96915834542509094 0.97092812938902251 0.97269754412535647 0.97614221624352193 0.97958824125977728 0.98298912693247964 0.98638882509935089 0.98979637708540724 0.99319974782123144 0.99659959546826138 1
11.236509859367899 -13.481207038486598 1.4774219052437374
11.303637578559368 -13.44583472739675 1.4773986473673386
11.36562734150373 -13.409683172949016 1.4773457096799711
11.399363707395374 -13.388336556102674 1.4773012822491964
11.453367626360551 -13.351234425068712 1.4772017844595109
11.502458116054552 -13.313741750093083 1.4770735414823091
11.528790291486823 -13.291835614997373 1.4769860887455868
11.570353002891315 -13.254144141240332 1.4768144975906914
11.607562241537485 -13.216420719589371 1.4766164859907356
11.627322176723036 -13.194489863864341 1.4764894241415687
11.658200376843531 -13.156924760812837 1.4762515269922274
11.685416006316292 -13.119616688653309 1.4759900267526445
11.699794527072491 -13.097884971514226 1.4758260968844812
11.722125552327217 -13.060575957948508 1.4755246445587187
11.741451386610596 -13.023748091956765 1.4752020746373353
11.75143917498316 -13.00254775921986 1.4750049872113209
11.766626768907791 -12.966557081343669 1.4746510741133512
11.779535710246293 -12.931184634097912 1.474279153104858
11.786206378880795 -12.91056336764162 1.4740511071703093
11.796310226821111 -12.875118157062825 1.4736394082707056
11.804658431425009 -12.840406841205734 1.4732115180993088
11.808803441693508 -12.820537140667014 1.4729553036941676
11.814839550299196 -12.786972630983907 1.472503364015614
11.819657115435486 -12.754165257981041 1.4720377526140167
11.821919635384793 -12.735854419233704 1.4717673321265536
11.825033740034185 -12.705688646690898 1.4713048857335507
11.827396719234414 -12.676199379638364 1.4708318336441515
11.82847086102797 -12.659326755946585 1.4705515727363987
11.829862287621417 -12.630827532910327 1.4700618522270008
11.830748036923685 -12.602979366826204 1.4695628939586323
11.831164145051803 -12.579304596079156 1.4691222911602935
11.831123447047428 -12.526953518922213 1.4680920027185353
11.829996486326232 -12.476947274470634 1.4670315420377296
11.828968035570306 -12.44885040540025 1.4664009494981625
11.826707773948222 -12.402224479725875 1.4652958524452027
11.823963486236293 -12.357644182079873 1.4641664754246213
11.82219303762194 -12.332547082033274 1.463497450940946
11.818910258282038 -12.290817953628386 1.4623287852614419
11.815384054040205 -12.250873388696178 1.4611401775307544
11.812215082130288 -12.218095417248833 1.4601102427304167
11.804608031103403 -12.148094821451361 1.4577316207558029
11.796494325044002 -12.083570991491747 1.4552982045720764
11.791581376577396 -12.048401338111836 1.4538631943146123
11.782833303847699 -11.991743658588014 1.4513711063339017
11.773695712728541 -11.939376719285731 1.4488463446512623
11.768183146977515 -11.910626601944408 1.4473592004889781
11.758379685539232 -11.864022069971213 1.4447780332052376
11.748210427365066 -11.82095782003354 1.4421823234263711
11.742136512619213 -11.7974564469418 1.4406698913913225
11.731439683417328 -11.759590256056811 1.4380723037378316
11.720400449357122 -11.724646939492589 1.4354759527859835
11.71380622029073 -11.705536659525194 1.4339642201303875
11.702187932840229 -11.674704681570439 1.4313690252643552
11.690244911876656 -11.646365227472074 1.4287883039496261
11.683149765328208 -11.630962831798779 1.4272952155192407
11.670716053274504 -11.60627678314602 1.424747796088226
11.657978683633399 -11.583722185691267 1.4222257044926354
11.646542228358289 -11.565569672802752 1.4200333215628738
11.619420207335024 -11.529329791354273 1.4150914530560073
11.591184939084314 -11.500107234225231 1.4103031644964825
11.574002651238725 -11.485841059405463 1.4075543204701735
11.543193631370857 -11.465840343038321 1.4029150935842873
11.511373805645727 -11.45153138328436 1.3984853171141525
11.49188778509625 -11.445460376600332 1.3959412489569674
11.456721681916836 -11.438908080461928 1.39165104289244
11.420611882326247 -11.437226623331366 1.3876198213706779
11.39874764795916 -11.438335091980727 1.3853504039572071
11.359720955269653 -11.443747097067808 1.3815985179434285
11.319853044310603 -11.453208715045621 1.3781338104457261
11.295423257386785 -11.460703952379998 1.3761820506355851
11.251310455399308 -11.477071472522796 1.3729647254675696
11.206415958617395 -11.496984668062895 1.3700679236869839
11.179259797105528 -11.510411969513024 1.3684879525055675
11.130829150721961 -11.536608472559266 1.3659704642271135
11.081712539945354 -11.565745338736006 1.3637836051066821
11.052267222453287 -11.584291153703312 1.3626375971640212
11.000204216279259 -11.618807857274167 1.3608938243995639
10.947559793740261 -11.655668901192499 1.3594734357615814
10.916108065457996 -11.67850852339841 1.3587786402718416
10.860678245706719 -11.720058180536991 1.357816078383574
10.804758280943677 -11.763439335678761 1.3571621429906868
10.77154467913282 -11.789808938978016 1.3569149689720144
10.713337561246831 -11.83696366033176 1.3567197819790282
10.654719098269256 -11.885503831926579 1.3568106976715557
10.620189514661169 -11.914522073915093 1.3569909880833075
10.560160630907335 -11.965616327737401 1.3575146167244148
10.499786480172682 -12.017717018101216 1.3582945851262602
10.464438309917007 -12.048503326527975 1.3588621921707744
10.403350629107093 -12.102124960976438 1.3600251104583876
10.34196665970715 -12.156458183565297 1.3614127832054779
10.306227998395755 -12.188265609145107 1.3623161179331418
10.244806509135636 -12.243179090013882 1.3640235386844715
10.183122750828392 -12.298587521447438 1.3659246582389346
10.147931063537108 -12.330293083651863 1.3670883969775014
10.088697060819619 -12.383782496023713 1.369170140359385
10.02923776241081 -12.437597332375953 1.3714070241822085
9.9952269500972299 -12.46842068343676 1.3727494440194432
9.9378205514319404 -12.520496169651945 1.375114001398247
9.8802102127957969 -12.57279856851043 1.3776055451111959
9.8468854972861539 -12.603063655208333 1.3790983640419205
9.7899797719257666 -12.654751140621439 1.3817307311255451
9.7328753042852121 -12.706614716029536 1.3844728051214874
9.7004915560384219 -12.736019335842512 1.3860704317567241
9.6463224019024096 -12.78518736039249 1.3888085653560571
9.5919715086492889 -12.834491252829102 1.3916348589906329
9.561028379462984 -12.862545369176313 1.3932776661796493
9.5090531369785669 -12.909639107997103 1.3960897498414435
9.4569075068528079 -12.956847718248708 1.3989745196037036
9.4277904259222325 -12.983189645211267 1.4006117770417674
9.3798923077904135 -13.026492597982472 1.4033446250189572
9.3318463849224926 -13.069890610232429 1.4061333118151493
9.3043772073875051 -13.094684709835251 1.4077481517294277
9.2580317335561091 -13.136487278914943 1.4105051000619893
9.2115448892102005 -13.17837997276378 1.4133097583327634
9.1844663415259085 -13.202765193000969 1.4149608935935853
9.137897165599778 -13.244673009817557 1.417829300515447
9.0911822465103889 -13.286675134218255 1.4207418531702529
9.0639324652150925 -13.311159096230705 1.4224564192855969
9.0170024128154438 -13.353297547513039 1.4254351617722161
8.96992145031024 -13.395536598375358 1.428455074621775
8.9426204584558118 -13.420014395846193 1.430220145723049
8.8958828956626803 -13.461893399539628 1.4332645676776796
8.8489936869700028 -13.503877768910154 1.4363465738999883
8.8217014474971833 -13.528302197117688 1.4381527774167073
8.7748016698093512 -13.570253584344135 1.4412769399922412
8.7277623662902393 -13.612315958559792 1.4444360242558203
8.7069761082211077 -13.630903692236567 1.4458402560883459
8.6826523726200193 -13.652664568699175 1.4474904507282829
8.6583268052062419 -13.674453825552419 1.4491494959112354
8.6441660218145788 -13.687161068159957 1.4501201344172781
8.6198618068444617 -13.709038133814682 1.4517966230280523
8.5957302824584492 -13.730931435912744 1.4534816715566696
8.5850157892487147 -13.740741338395415 1.4542392647971409
8.5722440937368436 -13.752552680722554 1.4551537848948544
8.5596782298502649 -13.764357137956608 1.4560706893141839
8.554241463143569 -13.769541228612763 1.4564743947789531
8.5480134267482626 -13.775556090064864 1.4569436900269996
8.5418935994577705 -13.781565032660213 1.4574135818325067
8.5383889284686418 -13.785059962656186 1.4576874151374433
8.5324821476586337 -13.79106002233387 1.458158543295077
8.5267498637680141 -13.797049133167212 1.4586302439840144
8.5233849316888577 -13.800661606587523 1.4589155369502809
8.5176066435851627 -13.807082943282662 1.4594242897789707
8.5121584204148402 -13.81348183681302 1.4599336622871586
8.5092534539279683 -13.817082940565692 1.4602215315938027
8.5047378843835002 -13.823057541970485 1.4607013592024198
8.5006965183463059 -13.828998281986317 1.4611816758454867
8.4986648944938619 -13.832322996451937 1.4614521013033048
8.4957406915262474 -13.837806130645918 1.4619010414819236
8.4934629284543259 -13.843241621953032 1.4623503343682926
8.4924778694883276 -13.846384242815212 1.4626123541762661
8.4914626044025123 -13.851741104230678 1.4630634635876505
8.4914412416668572 -13.857022829909658 1.4635148199364789
8.4917903294432264 -13.859326326175651 1.4637140661412777
8.492509371327678 -13.861998616392844 1.4639473107495595
8.493590047411308 -13.864643046984611 1.4641805903322931
8.494392941763472 -13.866160668037262 1.4643156890896523
8.4960878399056359 -13.868730140445264 1.4645466678607892
8.4982183509667006 -13.871265566837195 1.4647776540672062
8.4996531198843819 -13.872705941011215 1.4649103825535341
8.5024619726007025 -13.875119502588799 1.4651355086159306
8.5057745079742126 -13.877493060566218 1.4653606108738499
8.507957047143357 -13.878859429015472 1.4654920560056321
8.5121773038206214 -13.881178565606923 1.4657186535580162
8.517013490308722 -13.883447865793904 1.4659451889098403
8.5216586183058851 -13.88534073352154 1.4661383249502091
8.5341034457346794 -13.889467238599988 1.4665753015323093
8.5495261721582416 -13.893344203352463 1.4670117752368677
8.5599820051719568 -13.895463018900733 1.4672645467771537
8.580732515122218 -13.89884185985901 1.4676965996461835
8.6054402933905756 -13.901867767457171 1.4681276703044173
8.6217746438675746 -13.903444357555292 1.4683775367975858
8.6534639544629641 -13.905802268309067 1.4688049553225455
8.6901364156979852 -13.907673678054518 1.4692307074066759
8.7078132921870477 -13.908323305263039 1.4694160312864268
8.7293771448735082 -13.908933032234367 1.4696280182554047
8.7523630860550057 -13.9093906065839 1.4698394138754749
8.7664047934189426 -13.909583501741416 1.4699621058775434
8.7916940158415819 -13.909783138747969 1.470172303377794
8.8184869877230234 -13.909808810124838 1.4703817678733
8.8349033874973042 -13.909739441837525 1.4705042005585216
8.8645676067111392 -13.909465607459806 1.4707154147427401
8.8958296831387411 -13.908988673744746 1.4709257017619015
8.9147591593748228 -13.908613902137697 1.4710476051045278
8.9485485414667441 -13.907796456460234 1.4712561853925348
8.9839390834220065 -13.906751129778147 1.47146363792433
9.0052692049813245 -13.906033985674288 1.4715838198003086
9.0431673736734783 -13.904608153790949 1.4717893102522854
9.0826209511844755 -13.9029290815814 1.4719934412945439
9.106284356426583 -13.901831515922861 1.4721115667389855
9.1481238709560131 -13.899732169835779 1.4723133035801135
9.191421550361337 -13.897354275389549 1.472513417473007
9.229671828611508 -13.895085999756954 1.4726836371828218
9.3201678471488858 -13.889116684543602 1.4730649695199471
9.4153228418448904 -13.881952017081458 1.4734384281689317
9.4726448014182889 -13.87720331663499 1.4736518097410816
9.5740591813818945 -13.868001937590545 1.4740109135164978
9.6785763436683823 -13.857429187554594 1.4743594207344575
9.7401568639203866 -13.850665685562831 1.4745556274430558
9.8467523992941484 -13.83798016687984 1.4748807551153349
9.9546316705747646 -13.823811461761316 1.4751924622261745
10.017726794425778 -13.814864966857174 1.475367154964961
10.126214850429609 -13.798261391739555 1.4756548722985741
10.23426282265175 -13.780070703368297 1.475925740109552
10.296762022221545 -13.768729323991783 1.4760752469222993
10.40307241480197 -13.747930331632544 1.4763171451837251
10.507369238310991 -13.72550059755118 1.4765385110165754
10.566886293623329 -13.711707341130269 1.4766572748439415
10.666777811109514 -13.686754990995293 1.476843164422297
10.763357585562419 -13.660236987678241 1.477005164295899
10.817843082153006 -13.644111023341944 1.477087930854867
10.908252946047526 -13.615260504289674 1.4772096465266606
10.994399099291503 -13.585021412783385 1.4773047403161867
11.042463998039754 -13.566818545854968 1.4773474896790197
11.121341775099381 -13.534578040125254 1.4773988305477954
11.195388585192232 -13.501227615359067 1.4774217935517782
52.143379403146099 26.132476764506745 -0.0062705021896949723
48.293010002400116 26.771604155566422 -0.028513699270750554
44.456149559408153 27.298353332576681 -0.050676393883369197
42.245806552955301 27.552585427871996 -0.063477549107875231
38.514347318504569 27.89993793044594 -0.085201847081944559
34.89979207229473 28.136483412863392 -0.10645416525319683
32.865848759385941 28.224737647111453 -0.11853449651110738
29.508377822144112 28.296093692443048 -0.13872460034658954
26.335706710462404 28.272658995662582 -0.15816475695315316
24.580117569702743 28.218571674131471 -0.16910882545740233
21.728002615289864 28.062127160434773 -0.18724034692231964
19.091615167544248 27.833401037514886 -0.20447896024806464
17.646441020980209 27.669338275885671 -0.21416876049015604
15.32040921160843 27.339509011024589 -0.23020720178222534
13.214882861819737 26.95982148392897 -0.2453094946628418
12.087324736368803 26.719327252064868 -0.25368177720462731
10.311576347444207 26.278241862793099 -0.26737116117604665
8.7316283734686042 25.808879432764101 -0.28020143194046832
7.8837288914345356 25.520808952768981 -0.28740628815597447
6.5475074623751057 25.003930433696002 -0.29933653280584338
5.3810762132474634 24.474649090637669 -0.31048679025756604
4.7735966030161325 24.162908388557092 -0.31664439183829002
3.841712248828236 23.624063840750228 -0.32669318626211574
3.0387117756529936 23.08494525324085 -0.33610932310097152
2.6340061762360225 22.779709578584736 -0.34120104663838791
2.0307724802088067 22.271424212773045 -0.34934843454217684
1.5122623630106153 21.769404510139307 -0.35703977814566995
1.2449780917775892 21.480480225118789 -0.36132678099260152
0.83843823510765603 20.990518951612334 -0.36839139058782056
0.49142068808043449 20.510278883140657 -0.37509283651320036
0.23188833170139875 20.101551713172103 -0.38064325128559823
-0.24076857342108929 19.199056202229606 -0.3924861950267251
-0.58342693373899523 18.341592662767496 -0.40328960258431379
-0.73804563047182625 17.863063123669264 -0.40916555432642998
-0.94631339391027625 17.075333931858943 -0.41862904251004851
-1.1006686477916108 16.33051803255605 -0.42735563809284155
-1.1725680379546957 15.915131118721282 -0.43213553617742462
-1.2737250885854419 15.230885208795888 -0.43986999675725491
-1.3542210941495112 14.583420984665493 -0.44701706438409394
-1.4117149464946881 14.05753016343869 -0.45268545671577881
-1.5183666077433855 12.950027220964403 -0.46414744581157558
-1.6070674389319963 11.945837219997824 -0.4738126233958535
-1.65432790558971 11.404251691368746 -0.47865847645012027
-1.73132156176632 10.538466688050828 -0.48572568039889635
-1.8051018394865515 9.7434012667581271 -0.4913057421712026
-1.8471667924061188 9.3080257375323114 -0.49391543476161981
-1.9182582000222086 8.6022938556920518 -0.49734867238787239
-1.9876765683498319 7.9481332431775389 -0.49950149535575056
-2.0272877605190875 7.5893784740523333 -0.50019738518466261
-2.0940223046842386 7.0071250410510171 -0.50049386116021333
-2.1592188526123572 6.4631736559315964 -0.4997208750115128
-2.1965415169000595 6.1620412836678105 -0.49880579679358994
-2.2595942559252826 5.6690743477501178 -0.49647684959952137
-2.3210986369600421 5.2059909201118142 -0.49325421743768622
-2.3561739226285008 4.9492405607421102 -0.49099486077456173
-2.4152086292641375 4.5283858244614006 -0.4864976962965763
-2.4727074436651768 4.1312616156234299 -0.48127489340116247
-2.5219683078913064 3.8004173609139023 -0.47613385398903113
-2.6307814908742557 3.0978755194659393 -0.4625806710153535
-2.7335090905168111 2.466975658229118 -0.44695037932554882
-2.7914238519946046 2.1238691250228459 -0.43690247638431368
-2.8875978549377983 1.5724302984473868 -0.41819569410184193
-2.9777783075662407 1.0745239938322872 -0.39828772369347853
-3.0289484293119804 0.79967216149692433 -0.38594152374378032
-3.1143727651606685 0.35240913672810276 -0.36357009359238374
-3.1938335771959458 -0.051373789953888568 -0.34069105534323052
-3.2383343909614974 -0.27259118617755218 -0.32696779999130504
-3.3117240423085743 -0.63001588892113836 -0.30283169271636778
-3.3795405708770212 -0.95235574567524284 -0.27876225967299884
-3.4179107555207144 -1.1314113602389226 -0.26434853056462143
-3.4817196664942096 -1.4238908311259557 -0.23902048459693229
-3.5401904658029508 -1.6860577048523839 -0.21420938772704279
-3.5727410523881251 -1.829515509026197 -0.19968636246262028
-3.6260933810878546 -2.0606287966994792 -0.17469731887882331
-3.6747154273433194 -2.2666252124105597 -0.1505355580281442
-3.7015143879270886 -2.3781159507377718 -0.13661062493613885
-3.7450672160361056 -2.555883992486145 -0.1129880653106458
-3.7846818104680335 -2.7134569490391613 -0.090352855272464366
-3.8064736960944701 -2.7982352266650761 -0.07740638642106494
-3.8418601494249129 -2.9326056072842195 -0.055592503307142563
-3.8741096537706281 -3.0509668029406418 -0.034818482682063244
-3.8918263077559465 -3.1140641286675379 -0.023035722550219535
-3.9206082189625668 -3.2132053914552281 -0.0033310570805614569
-3.9470389330304609 -3.3000256158988526 0.015366292420553677
-3.961567928067546 -3.3457831213361389 0.025872930675667444
-3.985235106176956 -3.4169438345448517 0.043296972735132777
-4.0072769609135195 -3.4790227402071694 0.059809111064303346
-4.0194826075342647 -3.5114885250125729 0.069034543064375384
-4.0395389088842926 -3.561647725200435 0.084255511632160898
-4.0585714491019393 -3.605367118442385 0.098686010430140747
-4.0692222006104224 -3.628123660565016 0.10671345743846672
-4.0869155772216734 -3.663172595084923 0.11990624953670952
-4.1040492127213817 -3.6938487223016749 0.13243494701787781
-4.1135984576560265 -3.7095882016505537 0.13927917313691307
-4.1293826215396985 -3.7335656234471846 0.15033099262162547
-4.1449506565800345 -3.7548742757338198 0.16086855168646572
-4.1537679345811522 -3.7659922396483738 0.16665993574185006
-4.168556446568048 -3.7832354059153199 0.17606735677285837
-4.1833335408425594 -3.7988882425232942 0.18506941153111589
-4.1918752145517928 -3.8073028082031954 0.19008691534006958
-4.2064834166527216 -3.8207575994444736 0.19835063875798709
-4.2212062728187529 -3.8332907655666406 0.20627783271682062
-4.229598280771353 -3.8400460613806353 0.21061914838023765
-4.2437236613709581 -3.8508847260724952 0.21764416056765692
-4.2580264277548467 -3.8612989006866711 0.22440939056814763
-4.2662353257628967 -3.8670711272524336 0.22814028613581649
-4.2801417037319016 -3.8765796997283331 0.23421921138708171
-4.2942523422093828 -3.8859595556680269 0.24009213696340287
-4.3022045036438152 -3.8911578901454478 0.2432773868615776
-4.3154042721420511 -3.899687945502587 0.24837677494681162
-4.3287967518019599 -3.9082604899362092 0.25332361251664653
-4.336523550989928 -3.9131866470974486 0.25607916218495463
-4.3496770636345516 -3.9215641531027847 0.26061307896950336
-4.3630195191336583 -3.9300780266078243 0.26502106217985361
-4.3708605646874119 -3.9351001745170366 0.26752663499174784
-4.3844643782417529 -3.9438625646590246 0.27173280805581057
-4.3982611797808788 -3.9528305829615928 0.27582630551743198
-4.4063781806558771 -3.9581522614298099 0.27815807916950402
-4.4204748932726501 -3.9674851468592385 0.28208064837516356
-4.4347620513520782 -3.9770734957624709 0.28590159146713728
-4.4431097390276966 -3.9827417879463241 0.28806674300672941
-4.4574930055474411 -3.9926364572495205 0.29169035913595898
-4.4719888029949484 -4.0028073626683378 0.29522419648007736
-4.4803973943224396 -4.0088367432938021 0.29723593765287326
-4.4945086294003058 -4.0193801850368542 0.30061810102791003
-4.5070983014104833 -4.0300762031108235 0.30391886323960354
-4.5113229974092635 -4.0347907036655268 0.30534935979173505
-4.5139736837681985 -4.0402007648748341 0.30700229407009355
-4.512002747602482 -4.0453221166924367 0.30863362480458212
-4.5071696043403406 -4.0480549777301817 0.30957377349483328
-4.4877320041632212 -4.0520112627636635 0.31117218681781933
-4.4432277622846623 -4.0540668173507637 0.31274323937830267
-4.4096588398249787 -4.0540038429369787 0.31343680540836133
-4.3521096994680626 -4.0526365996666165 0.31426176926213201
-4.2683818162651992 -4.0492781091901913 0.31507333653255437
-4.2206003079729415 -4.0469818630141647 0.31542505328604831
-4.154563039661717 -4.0435130326912434 0.31582896882664857
-4.0750468845994154 -4.0390203346014903 0.31622749020445834
-4.0215134312040126 -4.0358560694029837 0.31645672792655144
-3.9149654477411873 -4.0293158644655502 0.31684538323091532
-3.7869498850912984 -4.0211383324710894 0.31722634021180279
-3.6974559791376285 -4.0152724869500185 0.31745230879307873
-3.5114394685816523 -4.0027994642131342 0.31784588992228674
-3.2852904248179402 -3.9872467910436669 0.31822612787546806
-3.1367703090174563 -3.9768700739822842 0.31843404889043853
-2.8503614506086432 -3.956589281841647 0.3187678151509154
-2.5070341622390235 -3.9319025858026522 0.31908348033759493
-2.2848678652429211 -3.9157683729138535 0.31925195287960662
-1.8631015402255455 -3.8848657492899821 0.31951481770095591
-1.3650863056922775 -3.8479800927118455 0.31975380013096588
-1.0345900593116437 -3.8233152581971046 0.31988052181607673
-0.38667583471410555 -3.7745982600339283 0.32007376356549494
0.37539617372493134 -3.7167249537884612 0.32023083630773186
0.75260763013264242 -3.6878886553238437 0.3202871257777764
1.2290480989423991 -3.6512870577864227 0.32034172989601867
1.7458743011648203 -3.6113692402198727 0.32038318681807304
2.0647851143728322 -3.5866317671313022 0.32040074774668581
2.645392895869318 -3.5413928453314565 0.32041902079684764
3.2733400138486988 -3.4921752491011686 0.32042137602348758
3.6568290174395575 -3.4619736987434893 0.3204150150479354
4.3472282501285742 -3.4073290788587243 0.32039043199366896
5.0905330835725673 -3.3481057237433536 0.32034725695695632
5.550355885556292 -3.3112683223289969 0.32031284722146042
6.3899302652838204 -3.2436128137739386 0.32023647936524335
7.2914858854283295 -3.1703891874367085 0.32013701669848116
8.1117658860711472 -3.1032455358314368 0.32003252429494861
10.15438968987554 -2.9338969433486919 0.31972226760870776
12.471685104406035 -2.7378954467711853 0.31929626511973053
13.948568428206903 -2.6107705029100781 0.31898920552296905
16.713800864279808 -2.3678835649084991 0.31834758379536343
19.786330796847167 -2.0901231970659024 0.31754024812058351
21.713476223528009 -1.9114008007297751 0.31698551259011382
25.258198023892248 -1.5728323869907943 0.31586887044025774
29.092200140578015 -1.191021890797898 0.31451795587908382
30.850862801251495 -1.0099116444154466 0.31384621566703913
32.92520719069536 -0.79107406172672556 0.31300956818551301
35.05613197667661 -0.5599799188996617 0.31209753311897137
36.319437380366814 -0.4197701687020215 0.31153033039066313
38.525097716241277 -0.16885062127657177 0.31048984079200703
40.769464606915207 0.095044173563830978 0.30936115849090984
42.099909651587573 0.25588258180673606 0.30865630008113115
44.421970977534116 0.54510667582262973 0.30735705103955102
46.760247810872869 0.84824564390651824 0.30595211433863029
48.124190638956115 1.0311046545353382 0.30508351748972795
50.465805195155731 1.3564420089523275 0.30349924264449568
52.796112759658378 1.6960240862336193 0.30179290965349848
54.14266283707024 1.9002495992841328 0.30074096941653033
56.432074242057347 2.2625210273086322 0.29882762043503647
58.681124460787551 2.6391688391390886 0.29677440528047999
59.966887428075175 2.8649738232948017 0.29551232384260379
62.128925997335479 3.2642834131504848 0.293223446421505
64.222492903633793 3.677907903663435 0.29077580364016786
65.955503676445403 4.0439339419086071 0.28854479461416987
69.643605651205178 4.9135712018447277 0.2829994290750707
72.939869272072016 5.8359107275513278 0.27674118912449069
74.65684826022094 6.3966218268056227 0.27274663237750602
77.232277019769398 7.3999882276634548 0.26523807281533801
79.306465991466482 8.4516647575345925 0.25686735490581003
80.268573618736454 9.0807103176829678 0.25161261017453651
81.502081201392855 10.187630473438091 0.24190706293541014
82.217825771130848 11.332812433411863 0.23123454165402599
82.397866475328044 12.01478362809981 0.22456364501099074
82.308607930938848 13.208975025406122 0.21229055634811908
81.729400404225544 14.425532229171399 0.19897003155688911
81.174483993112432 15.141340690696452 0.19072065956026144
79.862461610491479 16.378132377090015 0.1756888915092667
78.123018889755315 17.612649735080893 0.15960477176904944
76.927541197045556 18.324969973590743 0.14977695125991605
74.583115145001742 19.52985237068674 0.1321199750448091
71.902591283014445 20.700555501704969 0.11352879775239262
70.204732872138862 21.360507945308242 0.10231613716242648
67.079766374915579 22.448848027601152 0.082441570542301196
63.72864646787901 23.469589899463184 0.061880557936182974
61.692186717410024 24.027786822628965 0.049647703443618976
58.076838706416687 24.918004029014742 0.028265271971025942
54.355704863057277 25.713350174001405 0.0065520475322267541
11.216008966789772 -13.49133126770621 1.4774235767005077 11.382703050215603 -13.39903944581015 1.4773241339206027 11.515843024118764 -13.302778520043782 1.477031631871685 11.617607330043738 -13.205456474168479 1.4765532380702604 11.692688998939291 -13.108821492712067 1.4759105524153493 11.746553595560158 -13.013132257926554 1.4751034834047634 11.782902048139878 -12.921012382914498 1.4741686901151354 11.80679246862349 -12.830446981299831 1.4730831220932314 11.820855598009864 -12.744760294769813 1.4719008186377489 11.82796012476121 -12.667744378668225 1.4706912977171775 11.830921548647199 -12.594995918042491 1.4694169698913624 11.82951499970463 -12.462819034186854 1.466716807780946 11.823093761998239 -12.34503944678581 1.4638343536635301 11.814321104843229 -12.239570592933793 1.4607900729356997 11.794050492628452 -12.065747128739737 1.4545817379286003 11.770966937871522 -11.924891293431259 1.4481061375309914 11.745182771823401 -11.809053435701761 1.4414255628107377 11.717125900438017 -11.714998426442357 1.4347212414529329 11.686708782099956 -11.638565236190979 1.4280407917153544 11.654217170308968 -11.577540671667601 1.4214971549923741 11.582767908094084 -11.492814511158713 1.408941577531569 11.50193458633915 -11.448352395058556 1.3972378297195287 11.409936056284259 -11.437581852237436 1.3864957677475596 11.308103705526552 -11.456661695306778 1.3771800188015666 11.193214508664125 -11.503390690165626 1.3692835297952455 11.067300383534651 -11.574726898345425 1.3632085412603288 10.932139161505786 -11.666795993098097 1.3591180029391841 10.788400280094946 -11.776372939366198 1.3570285920390524 10.637589407577405 -11.899863374108548 1.3568877676496434 10.482156272875063 -12.033046780911718 1.3585687213298594 10.32405130074949 -12.172389003687574 1.3618560876913037 10.165124481979738 -12.314794221460165 1.3665138036896325 10.011894255629482 -12.453313009003619 1.3720850813984453 9.8634068523461984 -12.58805765759597 1.3783545094192802 9.7162215335562792 -12.721737965535691 1.385289871337734 9.5761203098725822 -12.848863342211706 1.3924741028054863 9.441702027954781 -12.970606189445805 1.3998266448474768 9.3178362225678271 -13.082537569205327 1.4069555530020947 9.1979916309335188 -13.190587075457708 1.4141342906501451 9.0775598110770179 -13.298916233069384 1.4215977521010525 8.9561934619537151 -13.407846432061856 1.4293413280608689 8.8353196409221013 -13.516116056698381 1.4372503063390547 8.7140510830644509 -13.624576027333974 1.4453619170858922 8.6512506981454287 -13.680800455178419 1.4496335982378059 8.5887606295628824 -13.737302848125053 1.4539740450539547 8.5560707267962552 -13.767791043329829 1.4563373768472525 8.5401363488011039 -13.783311286876977 1.4575511078420018 8.5251189088228578 -13.798790475172268 1.4587668361883239 8.510644347445691 -13.81533805967786 1.4600828574162701 8.4996219018559493 -13.83072051711255 1.4613206119558444 8.492936740264307 -13.844812427381871 1.4624821045042824 8.491645109801313 -13.858544452087839 1.4636452079371949 8.4939762253393472 -13.865406463446281 1.4642494782687903 8.4989255983941838 -13.871996948244229 1.4648438834373445 8.5068377067506695 -13.878175517970071 1.4654270607914821 8.5185435482635778 -13.884098413678354 1.4660101950552618 8.5546264259276139 -13.894420304277393 1.4671394994611564 8.6134341167176487 -13.902675052295059 1.468252149843398 8.7017989964408393 -13.908118786947867 1.4693548815008228 8.7593254683235209 -13.909493558174081 1.4699002841577493 8.8265688047908419 -13.909782899619783 1.4704429756605077 8.905229491642265 -13.908809704482051 1.4709864418389798 8.9945362231740713 -13.906403505354271 1.4715239107047371 9.0943908209712134 -13.902390651732313 1.4720525853481652 9.2042872650640852 -13.896609506986747 1.4725711759103557 9.4438133034585512 -13.879631560339181 1.4735457782388628 9.7094764642035365 -13.85408672527557 1.4744582557677623 9.986167780237432 -13.819401622174656 1.4752810104882388 10.265528572328101 -13.77447596145088 1.4760005388874065 10.537260175959378 -13.718666829833797 1.4765996302502056 10.790776012930678 -13.652233680122825 1.4770467981258457 11.01862355359453 -13.575973109268997 1.4773281925400006 11.236510003754548 -13.481207793127661 1.4774209453884759 11.303637295976408 -13.445834072901938 1.4773996372004106 11.3656277566271 -13.409683714197861 1.4773447096806043 11.39936316804029 -13.388336138932898 1.4773022723998641 11.453368279152153 -13.351234709809765 1.4772008239754149 11.502457362892061 -13.313741603479848 1.4770744530757378 11.528791129945651 -13.291835620548325 1.476985244288374 11.570352095917908 -13.254144276862764 1.4768152580098715 11.607563198872391 -13.216420445508037 1.4766158248293835 11.627321188187695 -13.194490270918836 1.4764899728119441 11.658201376793764 -13.156924228932379 1.4762511017944702 11.685415014965177 -13.119617334714139 1.4759903199674476 11.69979548998259 -13.097884224203936 1.4758259415213284 11.722124637130788 -13.060576791550838 1.4755246589606263 11.741452235775693 -13.023747188746952 1.4752022014849269 11.75143840884544 -13.002548713959406 1.4750047216530855 11.766627436683883 -12.96655609418351 1.4746514730670806 11.779535154197374 -12.931185633920668 1.4742786287406964 11.786206812073219 -12.910562375167727 1.4740517464497511 11.79630992515553 -12.875119122323484 1.4736386668711661 11.804658595525908 -12.840405922478007 1.4732123467798293 11.808803418441773 -12.820537994473467 1.4729544043187126 11.814839432236383 -12.786971859187672 1.4725043160849978 11.819657372449818 -12.754165932319554 1.4720367669063794 11.821919244563087 -12.735853855849804 1.4717683317434995 11.825034256840967 -12.705689087844052 1.4713038922146362 11.827396086786447 -12.676199069545639 1.4708328011797467 11.828471596458673 -12.659326928772373 1.4705506505493542 11.82986146392763 -12.630827500810588 1.4700627106079145 11.83074893239432 -12.602979257557422 1.4695621165643491 11.831163195727173 -12.579304844529446 1.4691229720083943 11.831124431225316 -12.526953136263149 1.4680914320437963 11.829995486993413 -12.476947783679547 1.467031991117048 11.828969030056401 -12.448849779833308 1.4664006310025903 11.826706804213496 -12.402225209130121 1.4652960339823375 11.823964411810405 -12.357643363437354 1.4641664344793905 11.822192174733816 -12.332547973528929 1.4634973504747535 11.818911041213463 -12.290817007122886 1.4623290251282262 11.815383366735858 -12.250874371267209 1.4611398030643137 11.812215660051157 -12.218094418278437 1.4601107443015655 11.804607574133103 -12.148095816826723 1.4577310021188958 11.796494651917468 -12.083570019633864 1.4552989278927195 11.791581186343135 -12.048402267000498 1.4538623807875004 11.782833353635212 -11.991742791260286 1.4513719937847314 11.773695804384273 -11.939377507692955 1.448845401039049 11.76818291571303 -11.910625908237664 1.4473601813761703 11.758380051783712 -11.864022655092931 1.4447770346755306 11.748209933470978 -11.820957355208062 1.442183319613014 11.742137124277615 -11.797456782167552 1.440668917486426 11.731438966236958 -11.759590057140329 1.4380732358682686 11.72040125770509 -11.724646998118484 1.435475081086603 11.713805336954254 -11.705536742363282 1.4339650139516422 11.702188873485227 -11.674704458926373 1.4313683252095637 11.690243932750152 -11.646365585465897 1.4287888962263526 11.683150763338993 -11.630962345620448 1.4272947428750016 11.670715056354627 -11.606277387777997 1.4247481396399999 11.657979659509007 -11.583721474707358 1.4222254969095178 11.646541293059107 -11.565570475908244 1.4200333890225576 11.619421083337761 -11.529328912201359 1.4150915270699633 11.591184139911222 -11.500108171829316 1.4103029504902764 11.574003357586717 -11.48584008211636 1.4075546701852939 11.543193031985526 -11.465841340451995 1.4029146151598031 11.511374286071696 -11.451530385709358 1.3984859146723312 11.49188743324537 -11.445461354370194 1.3959405442252253 11.456721898150326 -11.438907142067279 1.3916518406925351 11.42061180603806 -11.437227503568828 1.3876189464702042 11.398747582775135 -11.438334287518412 1.3853513384469203 11.35972116062123 -11.44374780965366 1.3815975425682936 11.319852702901585 -11.453208108598645 1.3781348071841428 11.295423728019939 -11.460704440550058 1.3761810524836129 11.251309864961744 -11.477071112400379 1.3729657050550788 11.206416657041757 -11.496984892929817 1.3700669822703884 11.179259004673336 -11.510411884402311 1.3684888369087898 11.130830021301449 -11.53660841621028 1.3659696545386009 11.081711608643227 -11.565745535416866 1.3637843238745639 11.052268195838035 -11.584290820627144 1.3626369837029142 11.000203220294191 -11.618808320079117 1.3608943202754678 10.947560792391 -11.655668317921808 1.3594730673958402 10.916107084129587 -11.678509215460673 1.3587788737545774 10.860679190071503 -11.720057393534786 1.3578159844570021 10.804757392443985 -11.763440201869054 1.3571620954811536 10.771545493984092 -11.78980801093644 1.3569151569667488 10.713336836353232 -11.83696463164986 1.3567194572618082 10.65471971869643 -11.885502836772892 1.3568111526120439 10.620189011118271 -11.914523072986357 1.3569904120251883 10.56016100748754 -11.965615344744975 1.3575153023703579 10.499786238092426 -12.017717965340202 1.3582938036157013 10.464438412652079 -12.048502434001424 1.3588630539040099 10.40335066777345 -12.102125780926629 1.3600241857500721 10.341966480413271 -12.156457452602774 1.3614137523808303 10.306228314728587 -12.188266236489742 1.3623151236888038 10.244806062095254 -12.243178578843443 1.3640245380979876 10.183123319628807 -12.298587906212601 1.3659236736595084 10.147930384361203 -12.330292832993052 1.3670893470164738 10.088697836777303 -12.383782607559235 1.3691692438759029 10.029236905202147 -12.437597362196106 1.3714078491670771 9.9952278713998375 -12.468420512857783 1.3727487070452657 9.9378195844752693 -12.520496477575607 1.3751146356111903 9.8802112060528895 -12.572798129405179 1.3776050263532633 9.8468844976086878 -12.60306421670648 1.3790987569618989 9.7899807580150551 -12.654750467968785 1.3817304719078169 9.7328743515206853 -12.706615486373549 1.3844729254487207 9.7004924564085986 -12.73601848322558 1.3860704527283361 9.6463215719474977 -12.785188278217205 1.388808403505347 9.5919722515773813 -12.834490288166869 1.3916351584809983 9.5610277384314202 -12.862546361368342 1.3932772350439304 9.5090536632833498 -12.909638108134009 1.3960903039933317 9.4569071058087992 -12.956848705770602 1.398973853527 9.4277906936785687 -12.983188689795833 1.4006125417117565 9.3798921786808958 -13.026493502168801 1.4033437770605575 9.3318463728010652 -13.0698897753725 1.4061342260900664 9.3043773604972682 -13.094685458659052 1.4077471894372118 9.2580314425225048 -13.136486631114984 1.4105060911112186 9.2115453123426079 -13.178380506574179 1.4133087583623776 9.1844657947636961 -13.202764783864351 1.4149618824707135 9.1378978250483449 -13.244673286091523 1.4178283425239588 9.0911814875743335 -13.286674996336568 1.4207427611018948 9.0639333084485258 -13.311159092960411 1.4224555795860592 9.0170015021619569 -13.353297691869859 1.4254359164330577 8.9699224101570465 -13.395536315821316 1.4284544201041713 8.9426194686270275 -13.420014810942138 1.4302206869972403 8.8958838956620134 -13.461892860209929 1.4332641504805073 8.8489926968151149 -13.50387842167892 1.4363468586699375 8.8217024079896689 -13.528301443975026 1.4381526307736539 8.774800758203531 -13.570254422786535 1.4412769455733374 8.7277632107635981 -13.612315051599083 1.4444361598483872 8.7069753477823504 -13.63090464956276 1.4458399820360022 8.6826530338039873 -13.652663580168387 1.4474908577552441 8.6583262565106658 -13.674454825502352 1.4491489640563042 8.6441664470396198 -13.687160076804886 1.4501207804550991 8.6198615136008385 -13.709039096732914 1.4517958757377929 8.5957304378513797 -13.730930520704167 1.4534825051423481 8.5850157748166662 -13.740742187576432 1.4542383616002665 8.572243966919153 -13.75255191456546 1.455154739625433 8.5596784953794387 -13.764357805755138 1.45606970215884 8.5542410642174822 -13.769540672538788 1.4564753946011413 8.548013951086757 -13.775556523284457 1.4569426975494149 8.5418929602015101 -13.781564730965892 1.4574145471010422 8.5383896698479518 -13.785060126786821 1.4576864963978131 8.5324813189949857 -13.791059999051999 1.4581593971172218 8.5267507631302895 -13.797049015134334 1.4586294721686111 8.5233839796286954 -13.800661863572723 1.4589162113110521 8.5176076292877205 -13.807082552488703 1.4594237263701668 8.5121574207987294 -13.813482353593995 1.4599341034673641 8.5092544474503082 -13.817082308141075 1.4602212214724204 8.5047369168402867 -13.823058277380762 1.4607015320578973 8.5006974405450073 -13.828997458309624 1.4611816437156178 8.4986640360974839 -13.832323891909153 1.4614519920644859 8.4957414689394923 -13.837805181330761 1.4619012899030146 8.4934622475841479 -13.843242606125578 1.4623499517370793 8.4924784401878206 -13.846383243483494 1.4626128633592357 8.4914621552962597 -13.851742098719935 1.4630628380442254 8.4914415601910029 -13.857021860167571 1.4635155493201035 8.4917901478764488 -13.859327251761174 1.4637132475160719 8.4925094123030274 -13.861997753489486 1.4639482022315577 8.4935901478475078 -13.864643829934787 1.4641796438365209 8.4943927019259515 -13.86615998071102 1.4643166716550793 8.496088214344125 -13.868730718390731 1.4645456688917613 8.4982178494216303 -13.871265109840083 1.4647786494454633 8.4996537384976047 -13.872706267913172 1.4649094106885505 8.5024612493008753 -13.875119312324944 1.4651364375157565 8.5057753214837941 -13.877493110383838 1.4653597435311181 8.5079561597064206 -13.878859520641186 1.4654928444313993 8.5121782474228542 -13.881178334371766 1.4657179598295609 8.5170125094273956 -13.883448232010334 1.465945774056004 8.5216596168339578 -13.885340239653663 1.4661378600980413 8.5341024495454061 -13.889467850234542 1.4665756367864617 8.5495271460699787 -13.8933434861931 1.4670115762908447 8.5599810730306043 -13.895463827230953 1.4672646054331413 8.5807333868363695 -13.898840976536665 1.4676966824542312 8.6054394995509895 -13.901868708091937 1.4681274476897377 8.6217753439438916 -13.903443378434917 1.4683778947632629 8.6534633621619488 -13.905803266317951 1.4688044691705564 8.6901368883687891 -13.907672681132279 1.4692313120146416 8.7078129486069642 -13.908324281145227 1.469415320323717 8.7293773524861127 -13.908932096924518 1.4696288213429352 8.7523630185652461 -13.909391482601176 1.4698385347369263 8.7664047194350481 -13.909582702550205 1.4699630434711464 8.7916942298183418 -13.909783845117298 1.4701713260950793 8.8184866380361449 -13.909808210715378 1.4703827652848065 8.834903865895317 -13.909739922289932 1.4705032029814216 8.8645670091771311 -13.909465255580711 1.4707163925189215 8.895830387849097 -13.908988890007668 1.4709247633568361 8.9147583615929022 -13.908613825819453 1.4710484853562937 8.948549416352618 -13.90779639130629 1.4712553809123134 8.9839381489430252 -13.906751335100223 1.4714643505313296 9.005270180349811 -13.906033644293604 1.4715832133293645 9.0431663769374957 -13.904608624397506 1.4717897984486539 9.0826219493382787 -13.902928491168165 1.471993081144005 9.106283376833014 -13.901832214325649 1.4721117916352797 9.1481248123827736 -13.899731377421974 1.472313218439365 9.1914206659440456 -13.897355145954204 1.4725133611541172 9.2296726383177106 -13.895085068465807 1.472683833834127 9.3201671283600458 -13.889117657921442 1.4730646364722038 9.4153234553298031 -13.88195102109909 1.4734388909471603 9.4726443055162086 -13.877204315287294 1.4736512264948769 9.5740595497756598 -13.868000956256338 1.4740116055570016 9.6785761101563352 -13.857430131929293 1.4743586337508499 9.7401569578769696 -13.850664797049307 1.4745564936182849 9.8467524467735714 -13.837980981748586 1.4748798270849872 9.9546314826096367 -13.823810736846953 1.4751934335371069 10.017727119114488 -13.81486558730799 1.4753661598142389 10.126214395515964 -13.798260888170613 1.4756558713711374 10.234263398685229 -13.780071079976427 1.4759247571115914 10.296761336597545 -13.768729081882279 1.4760761941709462 10.403073196293722 -13.747930434397599 1.47631625264358 10.50736837659305 -13.725500636187416 1.4765393309840216 10.566887218320169 -13.711707161866046 1.4766565438608481 10.666776841941589 -13.68675530729953 1.476843791790406 10.763358579803526 -13.660236540664823 1.4770046530995515 10.817842082738458 -13.644111592117566 1.4770883156478547 10.908253930632226 -13.615259825135896 1.4772093958386669 10.994398149243121 -13.585022188722053 1.4773048518816645 11.042464894536591 -13.566817688661828 1.4773475194690417 11.121340950097476 -13.534578961416139 1.4773986599985212 11.195389322186784 -13.50122664841008 1.4774221014467599 7.8085685755883771
