BS2026_GAUSS_FIXTURE_V1 task081-exact-spine-210K-native-restart 84 3 6 accepted f47a6f789fa463abdfdb8d0b158a78bd228bbe85881199d601d086f49396ba6a
30000 210 0.053267187226441602 1 10000000000 100
-4.6051701859880909 -1.3862943611198906 0.037
0.29955882827377411 0.40455439185938541 8.289799046039942
0 0.00087008924932324022 0.0017401784986464804 0.0034803569972929609 0.0070071796942261467 0.010434299000077788 0.013878697639365565 0.017462323138165706 0.021339412457312277 0.024935484123759833 0.028528714000185359 0.030311560864343723 0.03209440772850209 0.035660101456818825 0.043060057377785246 0.049912271847998887 0.056764486318212536 0.069680867764699478 0.082635177945534058 0.095621865272589174 0.10860855259964429 0.1217284541751123 0.13484835575058032 0.1613630978427131 0.18912588227194291 0.21731961201958508 0.24655731645242637 0.27756678669198037 0.31006508076622458 0.34353951683236306 0.37791462918005037 0.39573783875830815 0.41356104833656593 0.44999581436053016 0.48689553080332326 0.52390835032128458 0.5598079865330009 0.59560697583139999 0.63122588264820745 0.66460607144190453 0.69707235449200489 0.71319870536480068 0.72932505623759647 0.7615816632700434 0.79367314786946042 0.824365842122738 0.85354199120862839 0.88271659201981412 0.91141265864159804 0.91895973630686711 0.9265068139721363 0.93056066472644905 0.93461451548076191 0.93880326670498748 0.94268308570325021 0.94664022529305902 0.94848486820922939 0.95032951112539976 0.95224257270613966 0.95415563428687955 0.95603935922700234 0.9569714853047897 0.95790361138257718 0.95972823477389335 0.96153096415075723 0.96329393885538406 0.965056913560011 0.96850529177423494 0.97024238238645466 0.97197079019483368 0.9737776130613689 0.97468697447937169 0.97559633589737449 0.97739063641524493 0.97918493693311537 0.98259415145700113 0.98599671497006414 0.98945212831393081 0.99116745897060099 0.99288278962727128 0.99465726776643804 0.99554450683602136 0.99643174590560468 0.99821587295280234 1
11.338893642522958 -14.771030087569351 1.5288543397062366
11.355361807768714 -14.763192583728697 1.5288183069433701
11.371347658940858 -14.75530509029414 1.5287792542639569
11.380433338975321 -14.750692820612741 1.5287551477981589
11.395677440060181 -14.742732309441784 1.5287113793907368
11.410466111485468 -14.734729476551399 1.5286646691285546
11.422996153672283 -14.727712864885779 1.5286204076997445
11.450428993394434 -14.711530714625022 1.5285133076543636
11.47611770370724 -14.695224420099583 1.5283949896934774
11.497345678675053 -14.680775508303425 1.5282830631514541
11.541448876584683 -14.647314208853924 1.5279915028132791
11.579408547334751 -14.613683543175211 1.5276591000023996
11.598639182159546 -14.594374511473477 1.5274495217165023
11.627346764116163 -14.561733467565576 1.5270701947166381
11.651653361956479 -14.529268126552941 1.5266591892876642
11.664007580080613 -14.510445961940693 1.5264074569622772
11.682472740960458 -14.478294673143367 1.5259490460021143
11.6977692912713 -14.446542047592565 1.5254649181110844
11.705533862727176 -14.427904563874694 1.5251643706387812
11.717067724672356 -14.395663076665954 1.5246221592692997
11.726305951869353 -14.363989649130648 1.524057778738853
11.730943467464524 -14.345090318959635 1.5237078095891632
11.737692580593832 -14.311904707966169 1.5230620397253851
11.742769263208325 -14.279454132840355 1.5223956057899308
11.745005156503405 -14.261580009848307 1.5220114359048096
11.74788626869217 -14.232535418176148 1.5213670476369094
11.749906843345027 -14.204129804549567 1.5207081402322631
11.750750275911075 -14.18789551842144 1.5203205195074541
11.751722227879947 -14.160509060836215 1.5196411051211258
11.752183784040596 -14.13373926193802 1.5189494162550452
11.75225192781358 -14.122274886408411 1.518642644971042
11.752241461893396 -14.109347127779403 1.5182926772756395
11.752147158847096 -14.09656516590554 1.5179400006204891
11.752056726282458 -14.089192627878202 1.5177335258825246
11.751845490943372 -14.076637728891068 1.5173766988883652
11.751570263257042 -14.064224093174417 1.5170173338651578
11.751281059583752 -14.053500749434102 1.5167034973700269
11.750474977252741 -14.029328991744666 1.51597320622113
11.74949438140465 -14.005694125725936 1.5152336289666803
11.748495758878191 -13.984986982304825 1.51456242294294
11.745837509391977 -13.938517616958574 1.5129841390071079
11.742816887132312 -13.894118211174609 1.5113719668092029
11.741008037094666 -13.870094968425228 1.5104563179340014
11.737878051651466 -13.831693841511598 1.5089204210570604
11.734599040246733 -13.794828859437073 1.5073608601554427
11.732634632430736 -13.774049277155346 1.5064415276212308
11.729166813993171 -13.739456479561015 1.504848130082822
11.725594822072051 -13.706210223499355 1.5032354780130093
11.722519178577425 -13.679293090441275 1.5018692206894837
11.715382619672393 -13.621963791952069 1.4987579032746148
11.707933056636591 -13.568656769817039 1.4955980752747327
11.703453606121355 -13.539311070533802 1.493736653105628
11.695506259532827 -13.491594274621292 1.4905092688594612
11.687266275290554 -13.447173684360763 1.4872559349721006
11.682330202562275 -13.422714821206281 1.4853522345745462
11.673617307081981 -13.382944547718765 1.4820657505640229
11.6646257213356 -13.345931844708527 1.4787728000070588
11.659268730825682 -13.325586954717666 1.4768555194826347
11.649848269745819 -13.292578655316291 1.4735660568025952
11.640164329392462 -13.261904821704299 1.4702866698087964
11.634377787923196 -13.244990731072548 1.4683755006866182
11.624183577759151 -13.217467284796362 1.4650903735694543
11.613736094571648 -13.191983488743961 1.4618297329701837
11.607541588636074 -13.178049052299842 1.4599451254244868
11.596705840466759 -13.155574930185864 1.4567323807165204
11.585632508548857 -13.134866082071316 1.4535557009792095
11.575708470661645 -13.118044823712765 1.4507959080776098
11.55223267857879 -13.083973682946882 1.4445808026876468
11.527880510390203 -13.055809069562224 1.438565399627312
11.512975675349386 -13.04160230414236 1.435085706466412
11.48609632881559 -13.0208961616582 1.4291704947874615
11.458389956097124 -13.005197448856459 1.423523946068729
11.441776989072098 -12.998125646448536 1.4203429292460843
11.412406056656311 -12.989325788579132 1.4150678608601948
11.382311764466738 -12.984550993532373 1.4100941130867102
11.364149432563957 -12.983470605585291 1.4072890721298277
11.331833392619552 -12.984460908364083 1.4026419810085353
11.298865808098013 -12.988836467506232 1.398323581512837
11.278805337099314 -12.992950380384116 1.3958920807858874
11.242815629766143 -13.002749482948008 1.3918742348220654
11.206221043880149 -13.015507666081648 1.3882147082290603
11.184142570414432 -13.024401406298708 1.3861999166189749
11.144863932569782 -13.042175697997438 1.3829558241691138
11.105044325136781 -13.062446718286939 1.3800806956259188
11.081285689622021 -13.075489202185475 1.3785525505739111
11.03946578023243 -13.09996897333461 1.3761764769635341
10.997181614896965 -13.126461511076602 1.3741589953432845
10.972038797995303 -13.142946553302577 1.373130081754167
10.9279300277983 -13.173025343358283 1.3716198737108212
10.883424639479095 -13.204699124461843 1.370450865158473
10.863640724726764 -13.219155355740609 1.3700411138196662
10.840338422532023 -13.236455676156666 1.3696379869673023
10.816944710237218 -13.254098074288304 1.3693191876180337
10.803289051865965 -13.264515705015846 1.3691717410823845
10.779757446911939 -13.282660479051502 1.3689825890061182
10.756142923831726 -13.301098294751776 1.3688730135770457
10.735157189710755 -13.317664011580154 1.3688390674120829
10.686499695680858 -13.356653331102883 1.3689914880892247
10.637538436279977 -13.396609693100711 1.3694482584705285
10.608727751099597 -13.420412665994192 1.3698535431359871
10.558689531615432 -13.462201188310932 1.3707784122764231
10.508382837263561 -13.504702783369005 1.3719805303621513
10.478942100615571 -13.529770360375275 1.3728021751556458
10.428079293444041 -13.573358210110747 1.3744235268917842
10.376973790441671 -13.617457117840852 1.3762933629760941
10.347570671295978 -13.642940394312166 1.3774750880860887
10.297648703189994 -13.686364303618022 1.3796439217756586
10.247512161648762 -13.730131811156092 1.3820224128155576
10.218278077822806 -13.7557100644092 1.383495837510309
10.167949470183652 -13.799814491638982 1.3861813717197102
10.117412265343839 -13.844167126889058 1.3890553611127818
10.087977079189638 -13.870017190601132 1.3908092974760551
10.037366415032029 -13.914481834769111 1.3939508020544573
9.986547544088662 -13.959130732279226 1.3972620705567209
9.9578102073884693 -13.984373752382954 1.3991995242205961
9.909882708549107 -14.026450476953121 1.4025359751265398
9.8617669627902611 -14.068656743935643 1.4060093426219065
9.8340595930056409 -14.092939498073729 1.4080649093173674
9.7869700056613169 -14.134171680639563 1.4116430443988226
9.7396949313034966 -14.17551072981224 1.4153412321309065
9.7190481071429673 -14.193547272450804 1.4169872576156715
9.6954549327159913 -14.214141618345183 1.4188927223985497
9.671814351715744 -14.234761043996729 1.42082627410555
9.6580337961719707 -14.246772849321809 1.4219643674921012
9.6343173099433805 -14.267431863537901 1.4239416201461859
9.6105522685168179 -14.28811584710224 1.4259460339845951
9.5897620390122889 -14.306195271215659 1.4277190570418918
9.5419916232172177 -14.347687442175509 1.4318545045578503
9.4940192469347267 -14.389281894317433 1.4360935210381212
9.4660790740079079 -14.413474202279744 1.4385999132771095
9.4180269219868702 -14.455021387295082 1.4429748645859586
9.3697642925808715 -14.49667755963455 1.4474462914536828
9.3421905360701665 -14.520444114915698 1.4500347838135019
9.2957121382738404 -14.560453884193818 1.4544500939341465
9.2490314413365322 -14.600573978577206 1.4589488852011594
9.2224454901207817 -14.623395949848003 1.461538600179733
9.1777676375355739 -14.66170440501716 1.4659344545772544
9.1328984666692552 -14.700123939430874 1.4704020737578292
9.1066946508808577 -14.722537712521431 1.4730346927255562
9.0615187182434251 -14.761140614957402 1.4776129762098122
9.0161436722866828 -14.799867144779324 1.4822597917221594
8.9898634015546932 -14.822277088985729 1.4849729589122751
8.9449215641928017 -14.86056935607767 1.4896470164460278
8.899807366385744 -14.898992544118219 1.4943845534698299
8.8831904232204799 -14.913149278083436 1.4961409686943803
8.8712991266338488 -14.923289171568575 1.4974033549950387
8.8594136258847449 -14.933437680522312 1.4986700097625536
8.8525044081884321 -14.939345808691673 1.4994099080318337
8.8406514733559085 -14.949506817741272 1.5006832678273301
8.8288470651033517 -14.959674270074398 1.5019608301739118
8.8235898895311067 -14.964225786055501 1.502532618917032
8.8173045015021252 -14.96969008765975 1.5032215719789854
8.8110569020432603 -14.975154983396099 1.5039117169459679
8.8074438679679847 -14.978335449685156 1.5043139185058136
8.8012849340650376 -14.983799657135672 1.5050059292485658
8.7952003053697005 -14.98926240030155 1.5056991068585561
8.7916441136052725 -14.992491445917491 1.5061110337925634
8.7855306501351524 -14.998130810526034 1.5068291898284287
8.7795733154784283 -15.003764369881598 1.5075485495830854
8.7763175530541098 -15.006920641567158 1.5079508331062412
8.7711018673580714 -15.012125948936834 1.508618794419277
8.7661380218711678 -15.017319689865957 1.5092877285609207
8.7633633391039414 -15.020363845331962 1.5096829946312287
8.75885429979399 -15.025634207087604 1.5103667751183798
8.7548259212999131 -15.030880234208945 1.5110514618635038
8.7532821363760629 -15.033111113056771 1.5113420623006055
8.7517349169982896 -15.035539419088316 1.511661689220225
8.7503495749389888 -15.037959191596366 1.5119814859819631
8.749624630724302 -15.039361573941322 1.5121695671353117
8.7485338025060706 -15.041765666014706 1.5124896145528293
8.747656859817555 -15.044158243564729 1.5128098071569165
8.7472483511691337 -15.045571900276526 1.512997715281051
8.7467496025049734 -15.0480308971157 1.5133300011957784
8.7465560272943232 -15.05047319064016 1.513662407764778
8.7465965780606165 -15.05188494104025 1.5138579065484816
8.7469593460252177 -15.054296559458436 1.5141904691035428
8.7477266532498206 -15.056685659345069 1.5145231044246144
8.7483727518461105 -15.058055044210477 1.5147132489083268
8.749845261830238 -15.060367244926795 1.5150408506291859
8.7518338397570155 -15.062650245238313 1.5153684618748038
8.7528726775272876 -15.063632722131132 1.5155129035200008
8.7541932983570341 -15.064743239218434 1.5156750038908875
8.7556682612909036 -15.065844939817735 1.5158370927375391
8.7566008370912094 -15.066481857642479 1.5159314196225473
8.7583360109343324 -15.067568574438718 1.5160934813771707
8.7602458094690814 -15.068645164728991 1.5162555204054373
8.7620378574410882 -15.069563537853151 1.5163930982296969
8.7666492410376993 -15.071620113420913 1.516710145518456
8.772068785030779 -15.073629138112896 1.5170270309403879
8.7756022097343962 -15.07476759343499 1.5172119877120775
8.7823696229777486 -15.076668400980708 1.5175247302578927
8.7901341058596767 -15.078509112878985 1.5178371946789568
8.7950901662659771 -15.07953880778102 1.5180153203985221
8.804385726829862 -15.081234876674642 1.5183203596647781
8.8148612183932862 -15.082857499624838 1.5186249872962974
8.8215375612768749 -15.083765769322349 1.5188034460355488
8.8340723288158163 -15.085257765965441 1.5191072864408401
8.8480400915873041 -15.086657097580238 1.5194105313050115
8.8612764919176126 -15.08777942485777 1.5196696671356704
8.8959669403143504 -15.090024915404738 1.5202594090557231
8.9376360151698968 -15.091780577391157 1.5208454605396491
8.9582540726851487 -15.092375905259164 1.5211014519007493
8.9838925958491966 -15.092915599350169 1.5213938794477038
9.0116442926936955 -15.093289817467584 1.5216848869222741
9.0287556415494841 -15.093425303082347 1.5218524472620267
9.0598319324151433 -15.093513824100654 1.522139458613692
9.0931583602872159 -15.093407627782652 1.5224246492097455
9.1140755096617081 -15.093248310825203 1.5225938507995853
9.1527963613546444 -15.092780174700687 1.5228884927016988
9.1940457712890726 -15.092062602762734 1.5231805863336514
9.2128895612439745 -15.091664873511547 1.5233073821047542
9.2351634939877627 -15.091144923219177 1.5234527069915238
9.2580688829440554 -15.090554434355392 1.5235972605446553
9.2716887551946456 -15.090177541129 1.5236810195729391
9.2955853652901901 -15.089471528823779 1.5238242783921683
9.3201036520376093 -15.088690006730697 1.5239666717018119
9.3417981822860163 -15.087953217526351 1.5240889724954585
9.392962585125888 -15.08604533792278 1.5243656054062074
9.446358968285999 -15.083814796942285 1.5246382657082636
9.4784248958761363 -15.082360442566069 1.5247954360347606
9.5351069918345583 -15.07958970199947 1.525061127555118
9.5936894473512222 -15.076459044065581 1.5253219510005724
9.6444735568620921 -15.073528812394107 1.5255372776934917
9.7628555878318739 -15.065909251300068 1.5260088112885555
9.8856649454117917 -15.056809059716818 1.5264573916710857
9.958563505169808 -15.05080187174867 1.5267074667861622
10.085229395713986 -15.039217227882331 1.52711291102352
10.212627256963499 -15.025965632867209 1.5274876770155792
10.287116639424662 -15.0173974499042 1.5276907551650032
10.414739618748273 -15.00113478817085 1.52801515294768
10.539493440481143 -14.983052130559182 1.5282997601195172
10.592590643883172 -14.974604812135848 1.5284119172466473
10.652053965504125 -14.96455761669641 1.5285280029768336
10.710253671152936 -14.954067125842325 1.5286329706494453
10.743499509488194 -14.947761642569331 1.5286872260132491
10.799468830963844 -14.93658183482346 1.5287740356388264
10.853900580809524 -14.924977122710766 1.5288490588643013
10.885359980256206 -14.91790890838657 1.5288895872933694
10.938919465623426 -14.905219555575723 1.5289471382903153
10.990607584794963 -14.892108560011872 1.5289915797003628
11.012565663232524 -14.886259148552094 1.5290049623375284
11.037262238975044 -14.879463800087379 1.5290193246841866
11.061454085251929 -14.872571320456846 1.5290303573340773
11.075302032912639 -14.868516243277792 1.5290352435485735
11.098700113802654 -14.861475174312412 1.5290409991735958
11.12159942105137 -14.854343385213655 1.5290434131149788
11.141231653093428 -14.848021032070612 1.5290447326026659
11.184819742971674 -14.833268055625231 1.5290336015503376
11.226325045632647 -14.81819200589984 1.5290090366142173
11.249521884885429 -14.809279804648877 1.5289866001847778
11.287726630640798 -14.79374192704495 1.5289409899718114
11.323871359350949 -14.777944537462716 1.5288822792200427
49.595195116775038 23.180674476510646 -0.10241647927737028
48.148479402086295 23.333424914231209 -0.11142293682768761
46.732662142998208 23.477362607184748 -0.12033967739006707
45.922896320998269 23.55707579947137 -0.12548782018476462
44.555960075619382 23.687071828047191 -0.13426262946831166
43.219922285841207 23.808255111856017 -0.14294772176392101
42.011786599287788 23.906829298813516 -0.15043872987337312
39.402335380436135 24.108020021130375 -0.16730622987424773
36.836084481162423 24.275227268713767 -0.1837278818863988
34.682434772319958 24.39527680190853 -0.19780486177082468
29.966327003368054 24.578914345522715 -0.22875000197952636
25.687075333865447 24.643263026909299 -0.25760645665138265
23.417752968082766 24.631323095679271 -0.27320570430325625
19.904602396402083 24.538848743431597 -0.29804075326936885
16.786357261005261 24.366574258916501 -0.32093870975216859
15.140214472965555 24.234288375155963 -0.33343415526386155
12.598850692166552 23.960001075073428 -0.35355319581517319
10.389708990663342 23.636596769650811 -0.37198998862108185
9.2324624050797937 23.425807954359598 -0.38220539985773089
7.4354269262144923 23.029582958358755 -0.39888242455006512
5.9244697398597204 22.607238173340534 -0.41415099657117255
5.1234134836756828 22.342073357781906 -0.42277469934570472
3.9018156156348622 21.857053354181197 -0.43713898589276784
2.8958676803207286 21.363063439105616 -0.45029761628292381
2.4193278677133203 21.084544966031423 -0.45721928613096863
1.7388381868553939 20.624170147849121 -0.46800525365972856
1.1835914477136855 20.166969137495155 -0.47806884273373534
0.90618318164190348 19.903350045365201 -0.48362141173846368
0.5028435509172815 19.456196530874045 -0.49270499081617031
0.17267246539285758 19.017124594623095 -0.5012615692198179
0.049261270132768896 18.82891003554111 -0.50484340141713258
-0.077720425719875169 18.616490027394406 -0.50881456096209643
-0.19357117181568334 18.406612853831657 -0.51268984536292728
-0.25587088722998896 18.285637262853406 -0.51490108173738869
-0.35411259439217008 18.079782825370557 -0.51862469272465728
-0.44122335179751593 17.876471222471672 -0.52225242856779297
-0.51212323331019372 17.70115162938772 -0.5253567400223994
-0.65108063419925744 17.307097839613771 -0.53222995046794774
-0.76486056742135633 16.923604011149184 -0.5388052430433341
-0.84933527747971826 16.589318810531893 -0.54444995669017571
-0.99821470300297055 15.845879653447557 -0.55677214592018209
-1.102213129128937 15.144820312130337 -0.56809850740091006
-1.1476161152466122 14.769543008892517 -0.57405792889748863
-1.2093494008925265 14.17546255191828 -0.58331420914211485
-1.2599253197508038 13.611870861671981 -0.59189165236019392
-1.2859909723661618 13.296958730219703 -0.59657652448096277
-1.3268854639133196 12.777086010630457 -0.60413983653013992
-1.3644983743524843 12.282175756787669 -0.61108715794883239
-1.3944231217386516 11.88475153432033 -0.61647427928307097
-1.4583315532289238 11.046829064342566 -0.62711724196954211
-1.5195623790245834 10.276642803237246 -0.63586884306732838
-1.5544481926671523 9.8555228385246778 -0.64013446944856989
-1.6133962720871786 9.1740056184372012 -0.646125150965001
-1.671102366051241 8.5415560925704312 -0.65047877717644165
-1.7041884597811445 8.1935227113381703 -0.65230740236938545
-1.7601803272217345 7.6267520367721433 -0.65428662647195157
-1.8150058152391741 7.0970126965803297 -0.65487873571951627
-1.8463734480042704 6.8042527973286573 -0.65461923346201367
-1.8993470825414791 6.3258126437686952 -0.65319680723855478
-1.9511423612368857 5.875984548788038 -0.65061277525559869
-1.9808939485540835 5.6242699793547386 -0.64862637640724097
-2.0313358492211258 5.2124115280062169 -0.64424869943862428
-2.0805819120398499 4.8214660555224587 -0.63898851182805139
-2.1086920699064584 4.6035674205712729 -0.63552087727741691
-2.1560463305259656 4.2457060484646192 -0.62886456762936793
-2.202204753297154 3.9087576552227281 -0.62132574733936274
-2.2418299724630382 3.6248290081058752 -0.61420628096755914
-2.3295070394394419 3.0205313830706837 -0.59586971467665872
-2.4125118796939806 2.4744811700667726 -0.57531250662058853
-2.459788955200704 2.1738073999162699 -0.56218707221519815
-2.5390756289733134 1.6852340602262581 -0.53784792074487575
-2.6136188012078811 1.2424074621449583 -0.5122147949595216
-2.6552172074300455 1.0018833619383571 -0.49673854181977189
-2.7236488871343858 0.61574406366514411 -0.46937011904772874
-2.7877081493179139 0.26465082032618326 -0.44154850610814822
-2.8236982810426103 0.071545110820288541 -0.42493899247553346
-2.8832915749409662 -0.24169158609559774 -0.39585244059330404
-2.9387744059985521 -0.526360539766212 -0.36688531525021617
-2.9701850376167003 -0.6845074937280079 -0.34965470324945391
-3.0224976942254913 -0.94321933681807135 -0.31952989562215345
-3.0709148917965088 -1.1772803865758958 -0.28998411680910946
-3.0980261973573948 -1.30607764961823 -0.27269463588753107
-3.142762545096828 -1.5148031841960612 -0.24293877092182312
-3.183986246078383 -1.7028077356124969 -0.214066283986796
-3.2068130645291033 -1.8049646564059891 -0.19744759610200205
-3.2440982385294039 -1.9686334402200623 -0.16927245348616432
-3.2784321170786481 -2.1154667354073839 -0.14212893230721393
-3.2974129683575004 -2.194863119386119 -0.126608642046355
-3.3283986540159836 -2.321443528347356 -0.10044110095130661
-3.3569946551139935 -2.4344695611318818 -0.075352181344867791
-3.3689468049518378 -2.4805447784621482 -0.064596615386546943
-3.3824273090864798 -2.5314760591162586 -0.052247094177895394
-3.3954313572923045 -2.5796560928218053 -0.040164127423450734
-3.4027802324895848 -2.6064298010208908 -0.033254683263407886
-3.4150305327058819 -2.6502573925996016 -0.021593402696090086
-3.4268043769933652 -2.6913337372297508 -0.010198676582979238
-3.4369398200252688 -2.7258825409459191 -0.00031538633822743398
-3.4591602585395305 -2.798721475632906 0.021751893415781941
-3.4799931397469068 -2.862943551983276 0.042820752182777082
-3.4916218377051744 -2.8969677065274198 0.054722117873798326
-3.5108823356518171 -2.9501010985281111 0.074562927628298262
-3.5291938948642128 -2.9967595791323123 0.093522074490774057
-3.5395069514048481 -3.0212558283383695 0.10418329891113798
-3.5567108998686328 -3.0592725917196355 0.1218984521719723
-3.573367540728555 -3.0925579385416917 0.13885149422994239
-3.5827094827169006 -3.1097532263232881 0.14824557307996858
-3.5982669389331172 -3.1360307899344368 0.16362864770208232
-3.6135747663780347 -3.1591780625820984 0.17840370324205379
-3.6223995050756073 -3.1713521396089561 0.18672577446821545
-3.637459887331 -3.190322724965108 0.20057492422050774
-3.6524894973743764 -3.2071559634169207 0.21391029567641096
-3.6612247074884103 -3.2160772580853054 0.22142753797136416
-3.6762567181796526 -3.2301155081651198 0.23395085306397029
-3.6914102273287583 -3.2427900421780933 0.24603966707770747
-3.7000223645649517 -3.2494351313375232 0.25267392652935994
-3.7144845382846419 -3.2597986304055739 0.26342710167248279
-3.7291445159755923 -3.2694755854230282 0.2738551796345301
-3.7376674203348914 -3.274770222842613 0.27969980891398788
-3.7522877047814749 -3.2834288375242879 0.28938159125226637
-3.767170360892341 -3.291768065925766 0.29879497977526392
-3.7737300991757556 -3.2953492230763102 0.3028161987407248
-3.7812847489823902 -3.2993681644679387 0.30734189688043578
-3.7889106253615426 -3.3033802593682053 0.31181018960930934
-3.7933815898994379 -3.3057121022735503 0.31438425978802687
-3.80112014592551 -3.3097133661004898 0.3187617377943005
-3.808929928524099 -3.3137077834360666 0.32308181038973677
-3.8158237431127358 -3.3172098641670575 0.32681066709342421
-3.8318235433787122 -3.3253200412688853 0.33520175247564327
-3.8481557075822459 -3.3335841143332052 0.34339107902008631
-3.8577806857481738 -3.3384893960729158 0.34805617973735137
-3.874550956880439 -3.3470986924574841 0.35590651669119666
-3.8916495003518214 -3.3560270116974795 0.36358047379863417
-3.9015409456033696 -3.3612650087276204 0.36787417955492818
-3.9183996518880222 -3.3703540062920303 0.37496820776034606
-3.9355773277911901 -3.3798269632151889 0.38191969744215259
-3.9454651026050853 -3.3853872774549369 0.38580364897711655
-3.9622547534472536 -3.3950137827058411 0.39221291399063291
-3.9793271230011134 -3.4050475400444635 0.39850552217693125
-3.9893912787452654 -3.4110854004832274 0.40211629757992168
-4.0069001659067203 -3.4218007843321097 0.40823392131224284
-4.0246348375601784 -3.4329677590466727 0.41424663909152787
-4.0349130882246653 -3.4396080641263782 0.41767073250428149
-4.0520249682875775 -3.4512817407829535 0.42342978218101957
-4.0659300747439922 -3.4631678390743228 0.4290941335359334
-4.0682323588241855 -3.4675192548428959 0.43115188284232314
-4.067722769420592 -3.4705328952427772 0.43261619590779343
-4.0642666415435533 -3.4734142635487886 0.43407251902005728
-4.0602506363979192 -3.4749884238490889 0.43491675777610295
-4.0483725417714229 -3.4774485377059663 0.43635946102305706
-4.0270470319674185 -3.4793971466070532 0.43779229204911868
-4.0123368408590165 -3.4799783636487667 0.43842809611197481
-3.9927723934864003 -3.4806106638966061 0.43919033543348707
-3.9642000571436853 -3.4807351958874957 0.43994639845674066
-3.9434244930459785 -3.4805739210130198 0.44038357548323886
-3.9006017763628975 -3.4798951692589197 0.44112986767121926
-3.8487711707097159 -3.4787086492478698 0.4418699835609412
-3.8082450518711117 -3.4774925405141017 0.44230356233931772
-3.7244193066226501 -3.4746017584106133 0.44305175231636268
-3.6157662718304633 -3.4703357064413747 0.44378753137338978
-3.541825473093446 -3.4672066599629283 0.4441926535694567
-3.3936842956351638 -3.4606087346526753 0.44484999226355443
-3.2066301331991465 -3.4518119103081788 0.44548747307795267
-3.0744963994296457 -3.4453998550013605 0.44585170164532378
-2.797491210666768 -3.4316078512098858 0.44646054965364934
-2.447244890164646 -3.4136437068201637 0.44703434783217094
-2.2701877414309144 -3.4044588670153875 0.4472664214130273
-2.0567778306663538 -3.3932176969585384 0.44750989154305515
-1.8170209682035245 -3.3805697308254903 0.44774188521415287
-1.6668824541719722 -3.3725063553364674 0.44787085324584952
-1.3819994802711135 -3.3573115624441687 0.4480819186869982
-1.0681215143478531 -3.3402720717098737 0.44827729517348097
-0.86234294658207622 -3.3292100553463104 0.44838567087347792
-0.475572287863749 -3.3079854832576392 0.44855900322518549
-0.038580160595855797 -3.2841223555226486 0.44871135614674384
0.23432246576293031 -3.2689093374675879 0.44878851646417045
0.75375859097145503 -3.2402563260982848 0.4489014791085979
1.3263060050632867 -3.2081244688159734 0.44898493568203285
1.6911756179190267 -3.1878282817633621 0.44901939662572365
2.3587691232278258 -3.1500194859451147 0.44905050692564452
3.1059062613157806 -3.1077793113568428 0.449045507465543
3.4516085964445944 -3.0878742938901143 0.44902992370041162
3.8682564241888686 -3.0641553296175155 0.44900401048288496
4.3066637413325841 -3.0390309567847971 0.44896607944689393
4.5718289131453389 -3.0237618709276641 0.44893847160250222
5.0446595009334239 -2.9964141573564351 0.44888152851112895
5.5392495781208213 -2.9676610352250896 0.44881256760129096
5.9888556931447603 -2.9415732567275557 0.44874224184637185
7.0796933407867915 -2.8777211259443103 0.44854274753872719
8.2760796550812632 -2.8069966269343691 0.44828413267974981
9.0232490005883275 -2.7626904462458572 0.44810479523431496
10.384501794226644 -2.6808309910529737 0.44774402306593886
11.879387886274944 -2.5905444808307521 0.44730809770637797
12.788665101970592 -2.5344851607348842 0.44702005103519799
14.458600475368485 -2.4318674575021899 0.44646344941021426
16.244833511642888 -2.319352623674602 0.44581432038455582
17.368271018734667 -2.2490038866694242 0.44539086502428066
19.377492511844586 -2.1192559606907357 0.44457699423965952
21.56569684775554 -1.9775761984436773 0.44364644911606704
23.537346136536719 -1.8455656298089906 0.44274321880922474
28.499593431424131 -1.5075087585818849 0.44029550681754887
33.987902842820041 -1.112042897422757 0.43721675708400198
36.591144090985757 -0.91941173167588053 0.43564321226552072
39.652827579099679 -0.68209521863221001 0.4336414543339982
42.87313185027309 -0.42748906097213085 0.43142165801365534
44.754025921874693 -0.27152216899149356 0.43002516212265257
48.098492638014029 0.010124687507002881 0.4274370116188938
51.476778203105461 0.31023636978339719 0.42458527605919094
53.530799803061718 0.49780862794843339 0.42275562139792516
57.137341142997172 0.8436729252224493 0.41928626809311065
60.757528473678725 1.2107069566762056 0.41547255521135001
62.343287945419256 1.3779978184124029 0.41368770675781741
64.141585825497884 1.5755476555493995 0.41154940742227425
65.929129388949917 1.7785642040975167 0.40930754536116831
66.964509147104934 1.8992341818832212 0.40795513143256296
68.735039501052853 2.1108990071893143 0.40554943428942536
70.494815538373174 2.3280305439063995 0.40304017442072726
71.944796472999542 2.5202940332889492 0.40077584672723648
75.268508864119212 2.9740728806038992 0.39529286578716699
78.368412081251392 3.448910042222177 0.38934272118745994
80.15991391719119 3.7349122953469189 0.38565459688078274
82.951546569723021 4.2426450441218417 0.37891444410335456
85.629128501605322 4.7707506480645021 0.37164432911760947
87.595263546823432 5.2318834396195859 0.36508013753689583
91.526636688441712 6.320479230020144 0.34879215253565493
94.301387830151313 7.474612055038377 0.33031263346361939
95.515517961333003 8.1735556562466822 0.31851727905350297
96.559126739030333 9.415731362190666 0.29642015999036281
96.626409926869215 10.703441927152189 0.27195774330958233
96.086972645924476 11.475156909529787 0.25651466310908788
94.466133004252825 12.830336281099765 0.22790916967907143
91.799130754271303 14.195068354910331 0.19704917797752872
90.40670634418035 14.787429874166087 0.18295742360655162
88.581228158099123 15.458302789258028 0.16644323620063969
86.602608984815205 16.121964221197903 0.14948667427006046
85.363746560310759 16.503803339111702 0.13942877704680612
83.110638452341263 17.150479867507396 0.12185459225702293
80.734909709309946 17.782971706286933 0.10394599232916465
79.24072423646173 18.14959372293433 0.093208750156490383
76.598050845935347 18.774417082920571 0.074237829759811816
73.794788742887405 19.376632684899011 0.055058031840741394
72.60711886373781 19.631666459242005 0.046636859726912831
71.134929649532125 19.917944551207011 0.036953734913112712
69.669453196904655 20.196996820210423 0.027257099792574745
68.819652391675035 20.356075735077422 0.021607546340052301
67.364795453335603 20.623696832380475 0.011889538064253578
65.916651276574456 20.884092106721958 0.0021580194817170462
64.557672136388689 21.105322021913356 -0.0063501759450634611
61.588645559183639 21.58999109195188 -0.025848582216389603
58.529252266578695 22.040425408591343 -0.045233212727885365
56.815150285823108 22.286415078360747 -0.056441952186539475
53.781980248961474 22.680311672580341 -0.075529458586267084
50.852636408011435 23.037546616658808 -0.094360155142922814
11.33400869317893 -14.773301999430664 1.5288637597884374 11.375907517743016 -14.75300196957072 1.528766834349079 11.414681915976205 -14.732394241371946 1.5286500350410965 11.483271892014871 -14.690458410937479 1.528359107937822 11.589383717836322 -14.603889814924642 1.5275543936527005 11.657975468086429 -14.519868227212449 1.5265348170278115 11.701689305375675 -14.437387426399161 1.5253186481922447 11.728619128117629 -14.354884039769807 1.5238906058392261 11.743979742004791 -14.270151944577311 1.5221970769716042 11.750357449161898 -14.195982794048717 1.5205148188660138 11.752237517662889 -14.126064135584206 1.5187449424752908 11.75210405496458 -14.092872519655659 1.5178378506407344 11.751478569178513 -14.060637790019394 1.5169132708380333 11.749181975350522 -13.998915521764209 1.5150157973779028 11.741887487105874 -13.881569597975972 1.5108977543676434 11.733621996628099 -13.784378270206936 1.5069020541614941 11.724536142965938 -13.696779414795987 1.5027635298081061 11.705709384051007 -13.553851357905799 1.4946702336597217 11.684813418495018 -13.434831863395498 1.4863060176680243 11.661958717997729 -13.335652049992069 1.4778140073290185 11.637296743933007 -13.25339748189355 1.4693353361496555 11.610650169770567 -13.184938137339087 1.4608859364759248 11.582367423402138 -13.129155482062421 1.452638645947635 11.520635564634587 -13.048637883710098 1.4368556760123956 11.450180339534782 -13.001498280556083 1.4219334939194317 11.373424773838789 -12.983863713641735 1.4087037559202276 11.289157332423304 -12.990698182235052 1.3971289651152536 11.195464848249314 -13.019734590310895 1.3872155284955714 11.09336214182108 -13.068776040800554 1.3793124580679732 10.984795235870761 -13.134518384601673 1.3736365644715898 10.87040398842819 -13.21418884061192 1.370173594201868 10.810120565414984 -13.259294630009025 1.3692410750174482 10.749256195760045 -13.306516697607526 1.3688548762224015 10.623236562758233 -13.408400258115194 1.3696373001386521 10.493695729091845 -13.517191758430259 1.3723796107693722 10.36205747706888 -13.630375421074554 1.3768835818263887 10.23288349743671 -13.742926552182583 1.382751726475012 10.102666429901685 -13.857115619152482 1.3899269957449896 9.9717209943923777 -13.972155303698054 1.3982557705787422 9.8477289716474896 -14.080961614316982 1.4070460006987398 9.7259037879000267 -14.187559464807954 1.4164387248211925 9.6649251423366191 -14.240766217986033 1.4213947732471963 9.6036266304151496 -14.294139751979145 1.4265349760445529 9.4800220448965611 -14.401404671881702 1.4373456385148335 9.3556790302349224 -14.508820867461264 1.4487656339659429 9.2354100825425824 -14.612269378700116 1.4602732018231197 9.119804465245366 -14.711326100636656 1.4717155181737789 9.0029029300977736 -14.811159419908394 1.4836247284632462 8.8866513199712731 -14.910199320146488 1.4957747416845217 8.855958084294711 -14.936391420633674 1.4990397127628869 8.8254244942368825 -14.962634921315935 1.5023329303876749 8.8092497703055486 -14.976744150236888 1.5041133348311757 8.793446274761445 -14.990850627240777 1.5059016030452543 8.7778744686863437 -15.005403268207685 1.5077574219352039 8.7647495282287728 -15.01882743286988 1.5094833378821557 8.7537600542620346 -15.03240219657585 1.5112500058961846 8.7499794379364157 -15.038660750477261 1.5120754958877185 8.7474451669642459 -15.044852845487808 1.5129020389353089 8.7465617990143052 -15.051179823131072 1.5137601486737549 8.7480323092515597 -15.057376783746959 1.5146189091322486 8.7525169157006566 -15.0633082350975 1.5154647777670434 8.7561286225525858 -15.066164040854213 1.515883302908696 8.7608362910625068 -15.068956722013963 1.5163017140267929 8.7738076657110451 -15.074203995909322 1.5171201055673209 8.7925945064344209 -15.079032589183559 1.5179272291708537 8.8181425761882331 -15.083315063140532 1.5187142875773503 8.8523907745518038 -15.087045415604283 1.5194980083478877 8.951175938174222 -15.092188885789584 1.5210157092723404 9.0201309253850415 -15.093365406275463 1.5217688784788255 9.1032823642871019 -15.093339043127989 1.5225075373817585 9.2065260629303936 -15.091804053005331 1.5232649404992749 9.2648519162239076 -15.090369930493743 1.5236391610735169 9.3273518356436522 -15.088448982440397 1.5240079263264565 9.4622980943697055 -15.083102108546681 1.5247169676439336 9.6110761466819117 -15.075479379859132 1.525396589877634 9.9220257030150272 -15.053869451780852 1.5265836217706386 10.24964111937258 -15.021788805741474 1.5275899746740436 10.575063877497204 -14.977445530774984 1.528375331284018 10.726935537015761 -14.950932873670222 1.5286606257241317 10.869438584635018 -14.92152089630766 1.5288694874861219 11.005283626024188 -14.888217251294012 1.5290011179269423 11.068397944942561 -14.870547092872849 1.5290339025154844 11.128165608056806 -14.8522506960041 1.5290444471962412 11.23800671439618 -14.813748376461168 1.5289983864219863 11.338889708720423 -14.771031153155139 1.5288538458431118 11.355354169074459 -14.763193656262423 1.528817813481512 11.371343353092312 -14.75530615325563 1.5287787614246078 11.380431992946782 -14.750693877705485 1.5287546548271649 11.395679443315068 -14.742733365721879 1.5287108855542133 11.410465221936805 -14.734730541437617 1.528664175250311 11.423000255775209 -14.727711922187051 1.5286210196436036 11.450431413158844 -14.711529778159624 1.5285139196724149 11.476117159546511 -14.695223491726303 1.5283956018816793 11.497341364172918 -14.680776555448963 1.5282823464243178 11.541445160760492 -14.647315256392075 1.5279907863927094 11.579408130346192 -14.61368458518197 1.5276583836441631 11.598639923900816 -14.594373641869325 1.5274503311816643 11.627348203039329 -14.561732597165522 1.5270710038251012 11.651654150084298 -14.529267261145348 1.5266599982867237 11.664008448375911 -14.510446889842076 1.5264065737615344 11.682472583276702 -14.478295611853676 1.5259481635538039 11.697768482322713 -14.446542991807831 1.5254640362135423 11.705532341782394 -14.427903845409173 1.5251653133028493 11.71706709025732 -14.395662347345688 1.5246231012347866 11.726306390519445 -14.363988912168759 1.5240587201038625 11.730944920611694 -14.345091057847208 1.5237068303941799 11.737693473508454 -14.311905463072474 1.5230610614318632 11.742769180268521 -14.279454903219044 1.5223946284378089 11.745004085750709 -14.261579491366827 1.5220124360964444 11.747885461968901 -14.232534888930774 1.5213680473528584 11.749906598524426 -14.204129262953408 1.5207091392884129 11.750751118608518 -14.187896027522749 1.52031952320854 11.751722972936308 -14.160509579761252 1.5196401091570462 11.752184239835401 -14.133739794066004 1.5189484209218798 11.752251415205251 -14.12227460543124 1.5186436229877354 11.752240736770581 -14.109346849347261 1.5182936550571271 11.752146117787694 -14.096564867190486 1.5179409769275816 11.752055749943477 -14.089192326473743 1.5177345022592623 11.751844948736245 -14.076637438256368 1.5173776768035072 11.751569783531375 -14.064223809936383 1.5170183120708041 11.751281804634331 -14.053500999697713 1.5167025637816163 11.75047573194975 -14.029329242245339 1.5159722722366995 11.749495107642888 -14.005694381168722 1.5152326949373049 11.74849497075949 -13.984986953463352 1.5145632987539326 11.745836705598302 -13.9385176003872 1.5129850166022807 11.742816071192991 -13.894118198690517 1.5113728455752198 11.741008905657607 -13.87009494905139 1.5104555225677048 11.737878923725473 -13.831693809421102 1.5089196240062421 11.734599923563156 -13.794828819395237 1.5073600617547716 11.732633702321142 -13.774049505647074 1.5064422329632046 11.729165884478576 -13.739456726067779 1.5048488374487659 11.725593889018141 -13.706210486208903 1.5032361873775684 11.722520158598622 -13.679292815760759 1.5018686277617297 11.715383597704742 -13.621963492855821 1.4987573076435099 11.707934035775338 -13.568656442144968 1.4955974764337749 11.703452610121033 -13.539311540130456 1.4937371315331491 11.695505266090903 -13.491594766527276 1.4905097494575452 11.687265284279304 -13.447174205872145 1.4872564188295345 11.682331206271435 -13.422714271571238 1.4853518865957203 11.673618310440361 -13.38294398907985 1.4820654025224311 11.664626723976502 -13.345931267725183 1.47877245042045 11.659267756061753 -13.325587666408216 1.4768557377050036 11.649847296412387 -13.292579370148042 1.4735662740202922 11.640163358226598 -13.261905548841588 1.4702868875984345 11.634378725974928 -13.244988061034391 1.4683755006148154 11.624184502887367 -13.217465712031382 1.4650903225169352 11.613737024557109 -13.191985880130296 1.461829520974081 11.607542532994607 -13.178051331936922 1.4599449225400445 11.59670681407702 -13.155573366666706 1.4567323528125882 11.585633474170633 -13.134863533037347 1.453555709164162 11.575707598621152 -13.118045731175584 1.4507958531578877 11.55223180556133 -13.083974569303585 1.4445807409848501 11.527879638649948 -13.055809943730795 1.4385653328060106 11.512976480812682 -13.041601341960549 1.4350859026890761 11.486097142200807 -13.020895227331977 1.4291706994426663 11.458390775449585 -13.005196538464741 1.4235241588241534 11.441776291907217 -12.998126664320941 1.4203426003860453 11.412405355445717 -12.989326779561752 1.4150675253782021 11.3823110604735 -12.984551955847154 1.410093769820312 11.364150036972475 -12.983469572471773 1.4072895347889487 11.331834006926933 -12.98445989636641 1.4026424489323177 11.298866432326324 -12.988835482147429 1.3983240569781943 11.278804867003185 -12.992951406905684 1.3958914977422852 11.242815156932085 -13.002750493346994 1.3918736498622148 11.206220566946055 -13.015508651299479 1.3882141183139818 11.184142931697242 -13.024400405421339 1.3862006139276841 11.144864300683524 -13.04217469989814 1.3829565208801862 11.105044702891812 -13.062445733164042 1.3800813947145918 11.081285477230772 -13.075490141886105 1.3785517568219197 11.039465571851826 -13.099969915657818 1.3761756865711192 10.997181406865794 -13.126462445881486 1.3741582059587134 10.972038894715286 -13.142945673223277 1.3731309580453177 10.927930123956829 -13.173024446689267 1.3716207454131237 10.883424739029547 -13.204698219256292 1.3704517334892561 10.86364082827164 -13.219155923347737 1.3700401710213672 10.840338496321241 -13.236456363232055 1.3696370436157135 10.816944701091257 -13.254099249610475 1.3693182654027933 10.803289052676433 -13.264516880878396 1.3691708234645148 10.77975755117259 -13.282661187758253 1.3689816599184648 10.756143044966656 -13.301098865898135 1.368872075214167 10.735157015568257 -13.317663313578223 1.3688400478046412 10.686499515273573 -13.356652608064708 1.3689924642378273 10.637538251761569 -13.396608946307175 1.3694492294022529 10.608728079453865 -13.420413240965653 1.3698525416711878 10.558689875244001 -13.462201778936935 1.3707774133922463 10.508383195851382 -13.504703392111168 1.371979535587424 10.478941663075435 -13.529769880681556 1.3728031769346944 10.42807885092258 -13.573357712811603 1.3744245274193305 10.376973341359063 -13.617456597270614 1.3762943605582265 10.347571253779671 -13.642940737201158 1.3774741054319 10.297649295780337 -13.686364648731754 1.3796429385730087 10.247512767547953 -13.730132165738528 1.3820214304073473 10.218277402940119 -13.755709826791724 1.3834967807171081 10.167948798202074 -13.799814251988929 1.3861823158620268 10.117411592024578 -13.844166877600458 1.3890563053045142 10.087977877065189 -13.870017279689758 1.3908084102233682 10.037367213980318 -13.914481911610739 1.3939499129809048 9.9865483486955036 -13.959130803309154 1.3972611799555947 9.95780934633407 -13.984373777322592 1.3992003364870205 9.9098818586270738 -14.026450510315449 1.4025367883572755 9.8617661201915094 -14.06865678173879 1.406010156965289 9.8340605429033481 -14.092939317092851 1.4080641853246563 9.7869709501040045 -14.134171482977051 1.4116423192678724 9.7396958729083654 -14.175510516763753 1.4153405054016008 9.7190471404877705 -14.193547562188092 1.4169878746938804 9.6954539576481515 -14.214141902981808 1.4188933396540233 9.6718133837727382 -14.234761369873747 1.4208268958703714 9.658032838163269 -14.246773183841421 1.4219649896033739 9.6343163682923034 -14.267432176477261 1.4239422385108491 9.610551320121635 -14.288116139319493 1.4259466507803551 9.589763060057539 -14.306194821554662 1.4277185528432232 9.5419926387286189 -14.347686980392762 1.4318540002439251 9.4940202561123819 -14.389281417076056 1.4360930160875489 9.4660780741326747 -14.41347475771002 1.4386002893400378 9.4180259332833405 -14.455021943198469 1.442975239680629 9.3697633175728861 -14.496678120454536 1.4474466658929315 9.3421915388118872 -14.520443422723083 1.4500345400006738 9.295713142010877 -14.560453189102748 1.4544498503296732 9.2490324424633172 -14.600573276255943 1.4589486417365023 9.2224445524343412 -14.623396722903914 1.461538702555748 9.1777667024324892 -14.661705170873478 1.4659345561506725 9.1328975381844177 -14.700124701396931 1.470402174362929 9.1066955521009501 -14.722536834012207 1.4730347298689257 9.0615196285934818 -14.76113973906946 1.4776130130354399 9.0161445879797188 -14.799866269570391 1.4822598285416413 8.9898626015389898 -14.822278011414177 1.4849727784078663 8.944920762834693 -14.860570269002022 1.489646835811993 8.8998065587701927 -14.89899344782037 1.4943843723303887 8.8831911674416766 -14.913148296610332 1.4961412840660879 8.8712998668170382 -14.923288190732794 1.4974036701137112 8.8594143685715441 -14.933436700444 1.4986703246933262 8.8525037795776242 -14.93934679483629 1.4994094596180294 8.8406508668791517 -14.949507801892622 1.5006828194824238 8.8288464610446535 -14.959675251847575 1.5019603818582468 8.8235897979783395 -14.964224819031671 1.5025331871350298 8.8173048405521506 -14.969689102803361 1.5032221401955983 8.8110586331888392 -14.975153906142712 1.5039122841527592 8.8074455931216242 -14.978334360811846 1.50431448540407 8.8012849663125579 -14.983798652182379 1.5050064965643 8.7952000069686189 -14.989261427420656 1.5056996745732278 8.7916436888192404 -14.992492421582096 1.5061103533193865 8.7855302684517493 -14.998131785713511 1.5068285093760161 8.7795729720108326 -15.00376534425779 1.5075478691697011 8.7763178542002951 -15.006919682422781 1.5079516080362065 8.7711021623641354 -15.012124988984558 1.5086195692446629 8.7661382738400828 -15.017318729411404 1.5092885032499395 8.763363282805253 -15.020364731875315 1.5096821362087522 8.7588541291368855 -15.025635093777373 1.5103659166397316 8.7548257699987388 -15.030881120814021 1.5110506033700375 8.7532819969345113 -15.033110279249705 1.5113429824633566 8.7517349215867295 -15.035538584735601 1.5116626093731083 8.7503496356539419 -15.037958356770643 1.5119824061054719 8.7496250512338403 -15.039362301171584 1.5121685990545986 8.7485339771845894 -15.041766393423957 1.5124886464090546 8.7476568934542271 -15.044158971146624 1.5128088389664616 8.7472476566508544 -15.045571257431543 1.5129987073350109 8.7467492606407227 -15.048030253770483 1.5133309932680894 8.7465559314488548 -15.05047254675617 1.5136633998448989 8.7465975278412458 -15.051885450297 1.5138569057862503 8.7469598873921282 -15.054297068789392 1.5141894682626917 8.7477268470319753 -15.056686168861333 1.5145221035075052 8.7483716617131808 -15.058054642674687 1.5147142337717157 8.7498445207468869 -15.0603668431975 1.5150418355070647 8.7518334898556596 -15.062649843189988 1.5153694467735113 8.7528734992045738 -15.063632978001852 1.5155119496938705 8.7541944618523928 -15.064743492187889 1.5156740500647701 8.7556693932292866 -15.065845181319487 1.5158361387633892 8.7566017691241047 -15.066482098834408 1.5159304656078239 8.7583365153858193 -15.067568826768371 1.5160925274137946 8.7602463913536077 -15.068645420301193 1.5162545664845051 8.7620370583446032 -15.069563409010842 1.5163939973993457 8.7666481840633459 -15.071619984813992 1.5167110446712853 8.7720678629702054 -15.073629009594324 1.5170279300941509 8.7756024456504012 -15.074767564937757 1.5172111566257189 8.7823706749171979 -15.076668372098803 1.5175238991550195 8.7901353975706371 -15.078509083797014 1.5178363635412013 8.7950906099990398 -15.079538961662049 1.5180160621738048 8.8043847098174659 -15.081235031191719 1.5183211013894184 8.8148594074285249 -15.082857654685782 1.518625728986652 8.8215362177061927 -15.083765463898919 1.5188028038370394 8.8340730305991961 -15.085257460138029 1.5191066442559804 8.848042217217186 -15.086656791458394 1.519409889122888 8.8612815433232743 -15.087779848650996 1.5196701923719134 8.8959663254181969 -15.090025341174922 1.520259934166474 8.9376315446468979 -15.091781005125263 1.5208459855334024 8.9582511888348773 -15.092375348620415 1.5211010497008872 8.9838922381885791 -15.0929150427373 1.5213934772677127 9.0116467198515444 -15.093289260808454 1.5216844847639825 9.0287575489585681 -15.093425966903961 1.5218527139307731 9.0598324178864473 -15.093514488847147 1.5221397252307212 9.0931563591538751 -15.093408293815829 1.5224249157701542 9.1140751427710729 -15.093247546520089 1.5225937205790265 9.1527954788370192 -15.092779411591822 1.5228883624910206 9.1940462966290397 -15.09206184043336 1.52318045614241 9.2128876619027444 -15.091665724254327 1.5233073691361609 9.2351607363738655 -15.091145773819418 1.5234526938960731 9.258067714688929 -15.090555284900653 1.5235972469243728 9.2716891489012614 -15.090178392606306 1.5236810059416594 9.2955876704795912 -15.089472381995238 1.5238242652574092 9.3201032386029485 -15.088690860750368 1.523966658704252 9.3418040235541469 -15.087952307146203 1.5240891245753243 9.3929630127255344 -15.086044430492269 1.524365757485205 9.446356344634296 -15.08381389183986 1.5246384177950738 9.4784157083384297 -15.082361416010325 1.5247951439802236 9.5351048430825553 -15.079590674765718 1.525060835493377 9.5936927107585852 -15.07646001684574 1.5253216589274188 9.6444931822104909 -15.073527827628098 1.5255376998973769 9.7628605056866551 -15.065908275469802 1.52600923349997 9.8856563321569979 -15.056808091731732 1.5264578138915628 9.9585434823792927 -15.050802899602377 1.5267069191625846 10.085221281579111 -15.039218254223085 1.5271123634284121 10.212633636316559 -15.025966658289484 1.5274871294469545 10.287131450516211 -15.017396482729577 1.5276914140004518 10.414747920536506 -15.001133830082061 1.5280158117703506 10.539489884034863 -14.983051183245946 1.5283004189906657 10.592586749898656 -14.974605809526821 1.5284111577474617 10.652050342059917 -14.964558616587345 1.5285272435870556 10.710253172457056 -14.95406812641018 1.5286322113270727 10.743498800949936 -14.947760777409098 1.5286880690249984 10.799470483836323 -14.936580970093246 1.5287748785644142 10.85390205910959 -14.92497626065223 1.5288499017526851 10.885363921635335 -14.917909790166476 1.5288886761852365 10.938919117772734 -14.905220444666195 1.5289462273945789 10.990604698978377 -14.892109454127485 1.5289906689782651 11.012561335334542 -14.886258428333026 1.5290059216537109 11.037253896562143 -14.879463097927902 1.5290202845255176 11.061450724495222 -14.872570656509412 1.5290313182321593 11.075302649727243 -14.868515574070518 1.5290362042893431 11.098704736134371 -14.861474458056538 1.5290419585231165 11.121599270979873 -14.854342665700882 1.5290443723561855 11.141238738159036 -14.848021731489725 1.5290437425316727 11.184822177059777 -14.833268764529683 1.5290326116977391 11.226322396960576 -14.818192723613182 1.529008046997455 11.249515147852359 -14.809279330040951 1.5289876005347556 11.287723395279055 -14.793741448558224 1.5289419902671966 11.323872812915951 -14.777944054340727 1.5288832794052558 8.6513989282789456
